119816,119324,119616,119140,119263
120604,120306,120559,119957,119768
119765,119778,120388,120059,119137
119475,118695,118722,119324,119532
120080,120945,120146,120174,119698
119767,119609,118970,118567,118877
119736,119044,119572,119277,118521
119669,119917,119698,119430,118841
119593,118414,119432,119179,118070
119074,118392,119139,118172,118822
119110,118930,119046,119031,117910
120739,120550,121147,121121,119895
120073,119425,119971,118731,119657
118696,118455,118600,118561,118749
119176,119162,118949,118722,118288
118119,117969,118809,118887,118395
119886,120160,120497,120071,119412
120476,120865,121057,121173,120320
121112,121020,120074,120646,120605
121175,120635,120931,120362,120663
119821,119301,119880,119856,119066
119407,119757,119219,118779,118873
120812,120090,120759,120663,120123
120240,120392,120114,120044,119656
120406,120384,120446,120499,120075
119505,119724,119830,119398,119364
119797,119463,119651,120221,119717
119295,118637,119023,118119,117956
117230,117897,117913,118160,116949
118456,119392,119664,118944,119371
119950,119868,119437,119521,119263
119829,119833,119966,119073,119107
119987,120122,120105,120391,119118
119545,120238,119516,119030,119281
118196,118673,117811,118677,118183
119435,118950,118997,119280,118720
117693,118771,118758,118412,117717
121042,120295,120467,120386,120729
119981,119320,119409,119086,119535
119753,119898,119845,120436,119375
120433,120142,120246,120398,120337
121553,120527,120710,120478,120578
120557,120270,120289,120857,120321
119269,118271,118789,118933,118026
120235,120015,119916,119794,119386
119999,119656,119103,118925,118848
119267,119549,119686,119780,118532
120574,120051,120859,120148,119681
119715,118669,119613,119945,119945
120959,120653,119909,120678,120214
119765,120197,119425,120059,119920
119529,119861,119621,120213,119805
119917,120747,119685,120225,119888
120424,119907,119739,120053,118878
120215,119911,119845,119867,119910
119633,118380,118974,119504,119190
119610,120007,119861,119513,118763
120517,120456,120392,119862,119824
119411,119658,119789,119834,120096
119567,119224,119377,119649,118513
119190,119731,119240,119458,119170
118950,118377,118436,118446,117890
118754,118311,118589,118596,118077
120565,119507,120853,120327,120278
118689,118965,118672,118520,118291
120853,120852,120061,120581,120155
119547,119411,119124,119207,118749
120544,120920,120243,120884,120130
119270,119807,118942,119693,118693
121065,120499,121342,121382,120531
120973,120769,121075,120761,120435
120416,119817,119755,120118,120627
120308,120282,120248,120468,119659
118519,119601,119118,118822,118986
119651,120527,120300,120694,120706
120576,119472,120096,120106,119332
119597,119019,119420,119817,118826
119687,119453,120071,120005,119280
119642,118964,118722,118554,118415
119933,120052,120484,120337,120378
119920,119274,119218,119943,119105
118276,118329,118244,119011,118342
120763,120488,120688,120561,120418
120613,120026,120629,120395,120230
121294,120499,120229,120336,120027
119329,119031,119132,119357,118964
119887,119855,118879,118915,119105
118898,118424,118534,118818,118640
119091,118951,119411,119261,118776
118317,118626,118794,118859,118868
120192,119742,120230,120087,119472
119945,118765,119181,119850,119580
121091,120307,120439,120253,119920
120685,120429,120850,120163,120195
120913,120534,120452,120372,120458
119550,118919,119191,118909,118534
121496,120946,120067,120298,119927
119773,120262,120171,119876,119654
120941,121120,121035,120818,120430
120157,119534,119823,119687,119561



