Rep	Prob	FixTime	Age	Height	rLambda
1	0.0	na	28.830082	12.3	0.20533337
2	0.0	na	24.182343	12.12	0.19367348
3	0.0	na	11.613132	11.27	0.16285715
4	0.0	na	28.345528	12.3	0.21000001
5	0.0	na	26.6653	12.19	0.18230769
6	0.0	na	25.011465	12.21	0.18892857
7	0.0	na	16.411074	11.92	0.17523809
8	0.0	na	29.253521	12.07	0.19516483
9	0.0	na	30.012913	12.39	0.20436737
10	0.0	na	26.03038	11.85	0.20285714
11	0.0	na	26.737919	12.21	0.2179365
12	0.0	1930.0	370.75	0.04	0.18028048
13	0.0	na	19.03188	11.92	0.1467857
14	0.0	na	28.340948	11.82	0.20180954
15	0.0	na	564.0	0.01	0.17993602
16	0.0	na	429.0	0.01	0.16373968
17	0.0	na	12.230973	11.3	0.14285713
18	0.0	na	20.15798	12.28	0.18571429
19	0.0	na	9.537963	10.8	0.13142857
20	0.0	na	8.729927	10.96	0.14571428
21	0.0	na	12.640652	11.66	0.17071429
22	0.0	2386.0	625.0	0.01	0.18012142
23	0.0	na	26.75865	12.14	0.20342858
24	0.0	na	22.294916	11.8	0.192
25	0.0	na	27.127888	12.12	0.19749999
26	0.0	na	26.610378	12.14	0.19936508
27	0.0	na	22.955894	11.79	0.17571428
28	0.0	na	27.194305	11.94	0.21920635
29	0.0	na	4.704053	10.61	NaN
30	0.0	na	4.655753	10.69	NaN
31	0.0	na	29.116165	12.31	0.19780952
32	0.0	na	24.019852	12.09	0.16904761
33	0.0	na	25.935192	12.19	0.19755101
34	0.0	na	25.882696	12.02	0.19571427
35	0.0	na	21.447039	11.99	0.17428571
36	0.0	na	19.082987	12.05	0.19214287
37	0.0	2198.0	478.0	0.03	0.18161507
38	0.0	na	5.5491114	10.69	NaN
39	0.0	na	18.809061	12.36	0.17
40	0.0	na	20.137987	12.32	0.19
41	0.0	na	27.384615	12.22	0.21457143
42	0.0	na	9.592662	10.63	0.13000001
43	0.0	na	10.261905	10.92	0.13000001
44	0.0	2562.0	337.55554	0.09	0.18929362
45	0.0	1955.0	444.42856	0.07	0.18391185
46	0.0	na	23.26432	12.22	0.18171428
47	0.0	na	22.699495	11.88	0.16028571
48	0.0	na	353.5	0.02	0.17390995
49	0.0	na	26.910204	12.25	0.17464286
50	0.0	na	22.749174	12.12	0.17085715
51	0.0	na	6.3117485	10.81	0.105714284
52	0.0	2639.0	440.2	0.05	0.18933305
53	0.0	na	8.0	10.66	0.108571425
54	0.0	na	18.29703	12.12	0.18619047
55	0.0	na	19.575882	12.19	0.20285714
56	0.0	na	18.538967	12.19	0.1675
57	0.0	2505.0	422.0	0.04	0.1866042
58	0.0	na	26.050447	12.29	0.18678571
59	0.0	na	20.553423	11.98	0.19357143
60	0.0	na	24.545153	12.07	0.1989796
61	0.0	na	26.056007	12.32	0.19839285
62	0.0	na	24.229454	12.29	0.21183673
63	0.0	na	21.540382	12.01	0.20171428
64	0.0	na	27.5655	12.29	0.19842856
65	0.0	1981.0	807.0	0.01	0.1640484
66	0.0	na	2.911153	10.58	NaN
67	0.0	na	28.263763	12.17	0.20476191
68	0.0	na	17.103128	11.83	0.16714285
69	0.0	na	20.94288	12.43	0.18214285
70	0.0	na	2.923792	10.76	NaN
71	0.0	na	24.21637	12.34	0.1790476
72	0.0	na	18.28454	12.16	0.17
73	0.0	na	27.58132	12.42	0.19190474
74	0.0	1781.0	462.25	0.04	0.1794769
75	0.0	na	18.72622	12.09	0.17464286
76	0.0	na	7.980909	11.0	0.13142857
77	0.0	na	14.269006	11.97	0.1792857
78	0.0	na	12.8579	11.33	0.13428572
79	0.0	na	19.732616	12.08	0.18035713
80	0.0	na	20.421095	12.42	0.18892857
81	0.0	na	28.299265	12.23	0.18077922
82	0.0	na	28.333607	12.17	0.19584416
83	0.0	na	2.9226468	10.73	NaN
84	0.0	na	25.196285	12.38	0.19178572
85	0.0	na	5.5033364	10.49	NaN
86	0.0	na	13.057709	11.61	0.18285714
87	0.0	na	20.934765	12.11	0.17964286
88	0.0	na	27.64979	11.85	0.20777778
89	0.0	na	25.098087	12.03	0.18204083
90	0.0	na	3.864423	10.4	NaN
91	0.0	na	27.95392	12.37	0.21357143
92	0.0	na	22.543657	12.14	0.20761906
93	0.0	na	21.433977	12.42	0.18371427
94	0.0	na	25.522825	11.61	0.22285713
95	0.0	na	23.88039	12.29	0.1754762
96	0.0	na	26.918556	11.91	0.19885716
97	0.0	na	29.711681	12.07	0.19800001
98	0.0	na	25.059248	12.49	0.19979592
99	0.0	na	18.364079	12.36	0.18321428
100	0.0	na	25.622765	12.3	0.18612245
101	0.0	na	28.485554	12.46	0.20234695
102	0.0	na	13.916667	12.0	0.16
103	0.0	2159.0	90.0	0.01	0.16369197
104	0.0	3159.0	507.0	0.01	0.18452962
105	0.0	na	27.27691	12.17	0.1935065
106	0.0	na	2.89684	10.76	NaN
107	0.0	na	24.11324	12.01	0.1807143
108	0.0	na	24.581907	12.27	0.17714286
109	0.0	na	612.0	0.01	0.16819176
110	0.0	na	29.004879	12.3	0.18857144
111	0.0	na	21.64274	12.26	0.19742855
112	0.0	na	10.181736	11.06	0.10428572
113	0.0	na	14.21057	11.92	0.17999999
114	0.0	na	16.327166	11.89	0.1704762
115	0.0	na	25.970638	11.92	0.1855102
116	0.0	2268.0	393.66666	0.03	0.18341713
117	0.0	na	2.929841	10.69	NaN
118	0.0	na	27.98263	12.09	0.19628572
119	0.0	na	19.951653	12.41	0.18571427
120	0.0	na	24.336355	12.13	0.19238095
121	0.0	na	10.358182	11.0	0.095714286
122	0.0	na	13.987288	11.8	0.15785715
123	0.0	na	6.3227906	10.75	0.13000001
124	0.0	na	2.9018867	10.6	NaN
125	0.0	na	23.193945	12.22	0.17485714
126	0.0	na	17.211765	11.9	0.13380952
127	0.0	na	21.245283	12.19	0.18342857
128	0.0	na	28.09091	12.21	0.20043959
129	0.0	na	24.173061	12.25	0.20047618
130	0.0	na	23.812908	12.24	0.19238096
131	0.0	na	23.509167	12.0	0.21628574
132	0.0	na	10.220142	11.22	0.122857146
133	0.0	na	21.737652	12.35	0.19942857
134	0.0	na	19.300251	11.99	0.17964286
135	0.0	na	7.8537693	11.01	0.10714286
136	0.0	2172.0	318.0	0.1	0.18586174
137	0.0	na	5.5371428	10.5	NaN
138	0.0	1964.0	392.0	0.03	0.17863774
139	0.0	na	26.575487	12.32	0.20746033
140	0.0	na	24.942675	12.56	0.19612245
141	0.0	na	15.647159	11.79	0.20476191
142	0.0	na	3.8290353	10.47	NaN
143	0.0	na	25.536425	12.08	0.20571432
144	0.0	na	12.01882	11.69	0.165
145	0.0	na	26.77371	12.02	0.20089285
146	0.0	2449.0	506.0	0.01	0.18018363
147	0.0	na	27.968542	12.08	0.17987013
148	0.0	na	6.370265	10.56	0.13142857
149	0.0	na	16.730263	12.16	0.20809524
150	0.0	na	18.59851	12.08	0.17071429
151	0.0	na	3.7924883	10.65	NaN
152	0.0	na	25.83797	12.22	0.20428571
153	0.0	na	22.646864	12.12	0.194
154	0.0	na	27.600641	12.47	0.19376622
155	0.0	na	17.96103	12.06	0.18904762
156	0.0	na	27.35623	12.52	0.20593406
157	0.0	na	29.85493	12.27	0.20743844
158	0.0	na	28.369028	12.14	0.18971428
159	0.0	na	23.797066	12.27	0.17224489
160	0.0	na	24.989353	12.21	0.20204082
161	0.0	na	29.142973	12.24	0.19725275
162	0.0	na	17.545156	12.18	0.17952381
163	0.0	na	27.746122	12.25	0.19530614
164	0.0	na	20.490034	12.04	0.19892856
165	0.0	na	3.8520653	10.41	NaN
166	0.0	na	26.612665	12.16	0.19392858
167	0.0	na	27.823578	11.96	0.22114284
168	0.0	na	25.4514	12.14	0.20178573
169	0.0	na	27.794577	12.17	0.22014287
170	0.0	na	480.5	0.02	0.17608418
171	0.0	na	27.713247	12.38	0.19885716
172	0.0	na	20.916529	12.1	0.16892858
173	0.0	na	493.0	0.01	0.1768601
174	0.0	na	7.2351303	10.76	0.108571425
175	0.0	na	30.122835	12.13	0.20230415
176	0.0	2256.0	330.72726	0.11	0.19182788
177	0.0	na	25.647156	12.13	0.1825
178	0.0	2016.0	417.6875	0.16	0.18768847
179	0.0	na	21.761747	12.13	0.20685713
180	0.0	3304.0	404.66666	0.03	0.18071134
181	0.0	na	22.05985	12.03	0.21542859
182	0.0	na	18.552454	11.82	0.18619049
183	0.0	na	28.553104	12.24	0.18688312
184	0.0	na	10.191855	11.05	0.095714286
185	0.0	na	29.77479	11.9	0.1922449
186	0.0	na	25.413183	12.44	0.18460317
187	0.0	na	13.891823	11.74	0.18857142
188	0.0	na	2.9203374	10.67	NaN
189	0.0	2301.0	1051.0	0.01	0.15064019
190	0.0	na	13.238999	11.59	0.13928571
191	0.0	na	29.908789	12.06	0.20161907
192	0.0	na	23.814877	12.1	0.20119047
193	0.0	na	697.0	0.01	0.17752145
194	0.0	na	27.060755	12.18	0.18514286
195	0.0	na	483.5	0.02	0.19119923
196	0.0	na	583.0	0.01	0.17258714
197	0.0	na	17.4494	11.66	0.16761903
198	0.0	2040.0	390.84616	0.13	0.19234659
199	0.0	na	16.44168	11.66	0.1652381
200	0.0	na	21.512905	12.01	0.19257143
1	0.1	na	3.8280075	10.64	NaN
2	0.1	na	4.701323	10.58	NaN
3	0.1	1952.0	541.0	0.01	0.16896053
4	0.1	na	9.385715	11.2	0.07714286
5	0.1	na	7.091582	10.81	0.14142857
6	0.1	na	3.8241966	10.58	NaN
7	0.1	na	2.9369628	10.47	NaN
8	0.1	na	21.578905	12.42	0.18971428
9	0.1	na	28.087418	12.24	0.19298701
10	0.1	na	11.558099	11.36	0.15357143
11	0.1	na	28.039507	12.15	0.20406593
12	0.1	na	23.173561	12.33	0.18071426
13	0.1	na	6.455426	10.32	0.17285715
14	0.1	na	10.116279	11.18	0.105714284
15	0.1	na	21.880816	12.25	0.17857143
16	0.1	na	22.76683	12.18	0.20619047
17	0.1	na	28.339243	12.41	0.20142858
18	0.1	na	15.663025	11.9	0.20333333
19	0.1	na	17.993305	11.95	0.17761904
20	0.1	na	29.528925	12.1	0.20552795
21	0.1	na	29.379032	12.4	0.1931579
22	0.1	na	29.688742	12.08	0.1907619
23	0.1	na	16.79031	11.97	0.19714285
24	0.1	1645.0	452.33334	0.06	0.1650941
25	0.1	na	23.827728	12.19	0.18785715
26	0.1	na	23.487137	12.05	0.20657142
27	0.1	na	9.5046215	10.82	0.15714286
28	0.1	na	24.474209	12.02	0.19833334
29	0.1	na	21.979797	11.88	0.2
30	0.1	1693.0	325.125	0.16	0.18522428
31	0.1	na	20.584717	12.04	0.20678572
32	0.1	na	23.28433	12.38	0.15190476
33	0.1	na	18.3958	12.38	0.20285714
34	0.1	na	21.75102	12.25	0.17085716
35	0.1	na	21.50376	11.97	0.18464285
36	0.1	na	26.619661	12.41	0.18857142
37	0.1	na	29.679466	11.98	0.20262672
38	0.1	na	22.04832	12.21	0.19142857
39	0.1	na	17.45915	12.24	0.18238096
40	0.1	na	25.48695	12.26	0.18020408
41	0.1	na	26.584352	12.27	0.19232142
42	0.1	na	11.475308	11.34	0.16214286
43	0.1	na	10.240367	10.9	0.10714286
44	0.1	1482.0	408.66666	0.09	0.17549083
45	0.1	na	29.291563	11.97	0.19714285
46	0.1	na	19.318958	12.29	0.20249999
47	0.1	na	17.272274	12.01	0.18761905
48	0.1	na	22.411016	11.8	0.21857142
49	0.1	na	29.929054	11.84	0.19973214
50	0.1	na	28.598381	12.35	0.21583332
51	0.1	na	23.546274	12.21	0.20738095
52	0.1	1619.0	302.7647	0.17	0.19145949
53	0.1	na	26.459126	12.11	0.1879365
54	0.1	na	27.17807	12.13	0.20441556
55	0.1	na	19.423323	12.52	0.19785714
56	0.1	1626.0	401.0	0.08	0.17785099
57	0.1	na	16.198019	12.12	0.18428572
58	0.1	na	25.842546	11.94	0.22079365
59	0.1	1746.0	739.0	0.03	0.1699368
60	0.1	na	2.9098513	10.76	NaN
61	0.1	na	7.289296	10.37	0.12714286
62	0.1	na	25.629086	12.24	0.19714285
63	0.1	na	22.195688	12.06	0.19114287
64	0.1	na	25.060905	12.15	0.20938776
65	0.1	na	21.194603	12.23	0.1922857
66	0.1	na	26.668638	11.83	0.18357144
67	0.1	1460.0	477.0	0.03	0.1713736
68	0.1	na	28.445068	12.47	0.17584416
69	0.1	na	26.232899	12.28	0.20174605
70	0.1	na	26.592138	12.21	0.19285716
71	0.1	na	27.347073	12.13	0.19171427
72	0.1	na	26.893143	12.54	0.21114287
73	0.1	na	10.892599	11.08	0.089999996
74	0.1	na	28.003204	12.48	0.19209523
75	0.1	na	24.230133	12.08	0.20261906
76	0.1	na	27.957214	11.92	0.19845237
77	0.1	na	22.4796	12.01	0.18800001
78	0.1	1524.0	415.42856	0.07	0.17938115
79	0.1	na	13.971723	11.67	0.16142857
80	0.1	na	26.33551	12.25	0.205
81	0.1	na	28.731909	12.16	0.19464286
82	0.1	na	22.210924	11.9	0.19428572
83	0.1	na	25.553705	12.01	0.18571427
84	0.1	na	6.3687615	10.82	0.13000001
85	0.1	na	24.328419	12.21	0.20190476
86	0.1	1234.0	414.89474	0.19	0.18584423
87	0.1	na	17.035217	12.21	0.1957143
88	0.1	na	19.953781	11.9	0.16214286
89	0.1	1466.0	230.56757	0.37	0.19105268
90	0.1	na	27.255178	12.07	0.19
91	0.1	na	29.683193	11.9	0.20723216
92	0.1	na	3.8304925	10.56	NaN
93	0.1	na	25.320356	12.33	0.19387756
94	0.1	na	4.6805687	10.55	NaN
95	0.1	1622.0	316.66666	0.03	0.17184906
96	0.1	na	27.549505	12.12	0.18619046
97	0.1	na	27.117743	12.23	0.2092857
98	0.1	na	22.054365	12.14	0.18742856
99	0.1	na	6.4288425	10.54	0.11571429
100	0.1	na	29.32543	12.23	0.20123376
101	0.1	na	12.5826235	11.74	0.19857143
102	0.1	na	26.481085	12.16	0.20814288
103	0.1	2198.0	512.0	0.01	0.15983611
104	0.1	na	27.814457	12.45	0.2025
105	0.1	na	16.049587	12.1	0.21714287
106	0.1	na	20.12171	12.16	0.16142857
107	0.1	na	29.525883	12.17	0.20561905
108	0.1	na	28.894136	12.28	0.22193278
109	0.1	na	26.90692	12.14	0.20157143
110	0.1	na	3.7958016	10.48	NaN
111	0.1	na	28.914806	12.09	0.20285712
112	0.1	na	27.135382	12.04	0.21814287
113	0.1	na	27.864046	12.21	0.20942858
114	0.1	1669.0	328.45	0.2	0.19260508
115	0.1	na	26.690475	12.18	0.21214285
116	0.1	na	22.993565	12.43	0.1942857
117	0.1	na	25.534224	11.98	0.1965306
118	0.1	na	19.525187	12.11	0.14821428
119	0.1	na	12.25815	11.35	0.17785715
120	0.1	na	6.4181647	10.57	0.07571428
121	0.1	1474.0	265.4762	0.42	0.19527209
122	0.1	na	25.896467	12.17	0.19857144
123	0.1	na	26.783583	12.06	0.17678572
124	0.1	na	17.76585	11.83	0.15238096
125	0.1	na	13.803333	12.0	0.13
126	0.1	na	27.065853	12.3	0.21157143
127	0.1	na	16.979166	12.0	0.14428572
128	0.1	na	8.054614	10.62	0.13714285
129	0.1	na	27.8397	12.04	0.19642857
130	0.1	na	19.82719	12.21	0.17857143
131	0.1	na	27.615572	12.33	0.1902381
132	0.1	na	25.92804	12.09	0.19910716
133	0.1	na	26.180275	12.37	0.19125
134	0.1	1518.0	374.8	0.15	0.18845952
135	0.1	na	17.50669	11.96	0.16238095
136	0.1	na	18.216837	11.76	0.18523808
137	0.1	na	24.853777	12.31	0.2245238
138	0.1	na	26.877165	12.13	0.18160716
139	0.1	na	29.674816	12.27	0.19571428
140	0.1	1709.0	374.2	0.05	0.18021652
141	0.1	na	30.082787	12.2	0.19581284
142	0.1	na	3.8325539	10.69	NaN
143	0.1	na	15.391735	12.1	0.17190476
144	0.1	na	13.937714	11.72	0.16071428
145	0.1	na	7.1780696	10.67	0.13857143
146	0.1	na	28.444626	12.28	0.20329672
147	0.1	1729.0	538.6667	0.03	0.17568536
148	0.1	na	16.098055	11.83	0.17333333
149	0.1	1620.0	466.2857	0.07	0.1777984
150	0.1	na	18.945528	12.3	0.16857143
151	0.1	na	13.38601	11.58	0.13714285
152	0.1	na	24.913437	12.13	0.16928571
153	0.1	na	27.577488	12.26	0.20376626
154	0.1	na	27.394413	12.17	0.215
155	0.1	na	22.445004	11.91	0.20542857
156	0.1	na	26.072699	12.38	0.20841269
157	0.1	na	23.698439	12.17	0.18657142
158	0.1	na	24.851639	12.2	0.1807143
159	0.1	na	28.268682	11.91	0.210989
160	0.1	na	21.630922	12.03	0.17057142
161	0.1	na	26.059156	12.34	0.21448979
162	0.1	na	2.933082	10.61	NaN
163	0.1	na	23.305555	12.24	0.2095238
164	0.1	na	19.966087	12.09	0.16785714
165	0.1	na	25.791254	12.12	0.17517857
166	0.1	na	26.168852	12.2	0.1944643
167	0.1	na	26.119898	11.76	0.19857143
168	0.1	na	21.589619	12.33	0.17857143
169	0.1	na	2.909354	10.37	NaN
170	0.1	na	20.106966	12.06	0.16035715
171	0.1	na	14.458262	11.74	0.15714286
172	0.1	na	27.41598	12.14	0.19464286
173	0.1	na	25.312033	12.05	0.19387756
174	0.1	na	22.714403	12.08	0.18857141
175	0.1	na	5.590513	10.33	NaN
176	0.1	na	20.759735	12.07	0.16178572
177	0.1	na	22.939297	12.52	0.19285715
178	0.1	na	6.4688997	10.45	0.14428571
179	0.1	na	28.099518	12.46	0.19238095
180	0.1	na	26.554077	12.02	0.18555555
181	0.1	na	26.317734	12.18	0.19222221
182	0.1	na	22.901255	11.95	0.18514284
183	0.1	na	19.365274	12.21	0.135
184	0.1	na	16.821724	12.06	0.15333332
185	0.1	na	6.379121	10.92	0.13142857
186	0.1	na	22.7751	12.45	0.20457144
187	0.1	na	27.085596	12.15	0.20952383
188	0.1	na	28.395851	12.05	0.17771429
189	0.1	na	23.112286	12.29	0.21214284
190	0.1	na	2.916117	10.61	NaN
191	0.1	na	364.5	0.02	0.17322662
192	0.1	na	27.988836	12.54	0.1927381
193	0.1	na	28.02564	12.09	0.18079366
194	0.1	na	27.61257	12.57	0.19399999
195	0.1	na	17.978085	12.32	0.18666667
196	0.1	na	9.404103	11.21	0.105714284
197	0.1	1725.0	306.0	0.01	0.16648662
198	0.1	na	27.892828	12.13	0.18250002
199	0.1	na	16.166254	12.09	0.1409524
200	0.1	na	28.931744	12.16	0.20361903
1	0.2	na	28.911764	11.9	0.17417581
2	0.2	na	2.9202967	10.79	NaN
3	0.2	na	27.171053	12.16	0.19714285
4	0.2	na	25.766266	12.45	0.19042857
5	0.2	na	12.1404295	11.18	0.16285715
6	0.2	na	2.92	10.75	NaN
7	0.2	na	26.508614	12.19	0.20238096
8	0.2	na	28.187704	12.2	0.20091835
9	0.2	na	7.964083	10.58	0.13000001
10	0.2	na	20.053745	12.28	0.19821429
11	0.2	na	26.4	12.15	0.19642857
12	0.2	na	14.507234	11.75	0.13071428
13	0.2	1787.0	230.01888	0.53	0.20151827
14	0.2	na	22.797716	12.26	0.20771427
15	0.2	na	24.066887	12.11	0.19166666
16	0.2	na	22.06383	12.22	0.20485716
17	0.2	na	28.393555	11.79	0.18703297
18	0.2	na	18.660252	11.95	0.17238097
19	0.2	na	19.00666	12.01	0.18464285
20	0.2	na	17.0	11.71	0.20238096
21	0.2	na	30.125616	12.18	0.20642856
22	0.2	na	20.040884	12.23	0.15142857
23	0.2	1856.0	261.33334	0.33	0.19448526
24	0.2	na	2.927481	10.48	NaN
25	0.2	na	12.97028	11.44	0.15571427
26	0.2	na	29.146461	12.29	0.20857143
27	0.2	na	29.246473	12.05	0.20077379
28	0.2	na	19.060034	12.16	0.15571429
29	0.2	na	13.403324	11.43	0.16999999
30	0.2	na	28.56781	12.24	0.19819048
31	0.2	na	13.174205	11.94	0.19285715
32	0.2	na	12.178911	11.57	0.135
33	0.2	na	5.566092	10.44	NaN
34	0.2	na	27.750618	12.15	0.20385714
35	0.2	na	26.295269	12.26	0.19979592
36	0.2	na	29.063114	12.2	0.1978022
37	0.2	na	23.89684	12.02	0.20071428
38	0.2	na	26.927439	11.99	0.20628569
39	0.2	na	25.273102	12.12	0.20632651
40	0.2	na	27.240335	11.9	0.20761904
41	0.2	na	7.119705	10.86	0.13285714
42	0.2	1920.0	139.99585	2.41	0.2062565
43	0.2	1385.0	142.43478	1.84	0.2066667
44	0.2	na	26.642056	12.46	0.19936508
45	0.2	na	27.587898	12.23	0.19957143
46	0.2	na	29.153591	12.11	0.17214285
47	0.2	na	21.312351	12.55	0.16542856
48	0.2	na	25.743631	12.17	0.18673469
49	0.2	na	13.392617	11.92	0.13785714
50	0.2	na	23.377312	11.9	0.19761907
51	0.2	na	10.327633	11.11	0.09428572
52	0.2	na	9.501828	10.94	0.16
53	0.2	na	3.8280375	10.7	NaN
54	0.2	na	24.681452	12.4	0.19755101
55	0.2	na	13.4380455	11.46	0.18642858
56	0.2	na	10.751958	11.49	0.09857143
57	0.2	na	26.910141	12.13	0.2046753
58	0.2	na	25.910141	12.13	0.2165306
59	0.2	na	19.820747	12.05	0.19464286
60	0.2	na	14.64661	11.8	0.16
61	0.2	na	6.3730083	10.67	0.16
62	0.2	na	6.4280267	10.49	0.15428571
63	0.2	na	22.17126	11.97	0.20714286
64	0.2	na	23.690338	12.11	0.18914287
65	0.2	na	22.022259	12.13	0.18
66	0.2	1971.0	261.84616	0.26	0.19955269
67	0.2	na	5.5536723	10.62	NaN
68	0.2	na	21.095968	12.4	0.16607143
69	0.2	na	22.38552	11.88	0.17999999
70	0.2	na	2.916117	10.61	NaN
71	0.2	na	7.205273	10.62	0.09428572
72	0.2	na	29.065128	12.13	0.20866072
73	0.2	na	18.076122	12.48	0.17
74	0.2	na	10.786667	11.25	0.14999999
75	0.2	na	22.165564	12.08	0.18885715
76	0.2	na	27.322977	12.23	0.20610389
77	0.2	na	27.901245	12.05	0.19663265
78	0.2	na	25.183075	12.29	0.20821428
79	0.2	na	22.946835	11.85	0.21457143
80	0.2	na	22.52742	12.4	0.19742857
81	0.2	na	17.25892	12.05	0.15619047
82	0.2	na	25.45286	12.41	0.20448981
83	0.2	na	22.198536	12.29	0.2277143
84	0.2	na	6.4058657	10.57	0.09285714
85	0.2	na	10.966425	11.02	0.12571429
86	0.2	na	29.277508	12.36	0.18042858
87	0.2	na	26.0043	11.63	0.22142856
88	0.2	na	27.156685	12.19	0.20584416
89	0.2	na	25.029285	11.61	0.16761905
90	0.2	na	3.8206573	10.65	NaN
91	0.2	na	15.122414	11.6	0.17642857
92	0.2	na	29.272728	11.99	0.18969388
93	0.2	na	9.318262	11.28	0.10428572
94	0.2	1819.0	146.97298	1.48	0.20557693
95	0.2	na	23.03138	12.11	0.19142856
96	0.2	na	28.14416	12.07	0.19233765
97	0.2	na	20.462551	12.15	0.16642858
98	0.2	na	30.047539	11.99	0.18278912
99	0.2	na	17.123873	12.19	0.1652381
100	0.2	na	20.243704	12.31	0.18821429
101	0.2	na	8.004617	10.83	0.12571429
102	0.2	na	5.614634	10.25	NaN
103	0.2	na	28.656046	12.24	0.20000002
104	0.2	na	8.011194	10.72	0.08571429
105	0.2	na	25.538084	12.21	0.22160715
106	0.2	na	29.932287	12.11	0.2047619
107	0.2	1663.0	203.42667	0.75	0.19997591
108	0.2	na	27.99022	12.27	0.20255955
109	0.2	na	22.746109	12.21	0.19761904
110	0.2	na	29.5444	12.05	0.19817142
111	0.2	na	22.84955	12.23	0.17971428
112	0.2	na	27.219553	12.07	0.18071428
113	0.2	1518.0	212.39622	0.53	0.19787364
114	0.2	na	25.931911	12.19	0.18632653
115	0.2	na	27.722591	12.04	0.18142857
116	0.2	na	29.067768	12.1	0.20697889
117	0.2	na	26.093801	12.26	0.1920408
118	0.2	na	29.53747	12.41	0.20128572
119	0.2	na	24.277641	12.21	0.21040818
120	0.2	na	27.688364	12.29	0.19414285
121	0.2	1912.0	305.44446	0.09	0.18777084
122	0.2	na	4.6218953	10.87	NaN
123	0.2	1616.0	165.28226	1.24	0.20114408
124	0.2	na	11.546329	11.44	0.185
125	0.2	na	16.67335	11.97	0.17142858
126	0.2	na	15.594525	11.69	0.17333333
127	0.2	na	24.823141	12.1	0.1989796
128	0.2	na	5.5569973	10.79	NaN
129	0.2	na	12.740137	11.66	0.18285714
130	0.2	na	23.127993	12.11	0.18685715
131	0.2	1518.0	132.40317	2.53	0.20796576
132	0.2	na	16.172705	11.87	0.15428571
133	0.2	na	26.921824	12.28	0.17126983
134	0.2	na	25.791094	12.35	0.19410713
135	0.2	na	10.880995	11.26	0.11857142
136	0.2	na	7.2346263	10.57	0.13857143
137	0.2	na	23.656172	12.07	0.20309524
138	0.2	na	3.823694	10.72	NaN
139	0.2	na	20.399178	12.15	0.20285714
140	0.2	na	12.084421	11.49	0.14571428
141	0.2	na	22.241295	12.35	0.19742857
142	0.2	na	2.913534	10.64	NaN
143	0.2	na	17.788698	12.21	0.1747619
144	0.2	na	14.182979	11.75	0.14
145	0.2	na	26.870626	12.29	0.18761905
146	0.2	na	27.002499	12.01	0.19803572
147	0.2	na	17.02625	12.19	0.1904762
148	0.2	na	24.187813	11.98	0.18976192
149	0.2	na	11.005377	11.16	0.14999999
150	0.2	na	23.350878	11.97	0.1992857
151	0.2	na	28.309801	12.04	0.20500001
152	0.2	na	24.569777	12.11	0.19976193
153	0.2	na	27.650331	12.04	0.19539681
154	0.2	na	27.505367	12.11	0.17685714
155	0.2	na	7.2136106	10.58	0.12142857
156	0.2	na	22.167076	12.21	0.22085714
157	0.2	na	24.629112	12.16	0.19142857
158	0.2	na	13.115351	11.27	0.16142857
159	0.2	na	21.854826	12.33	0.18514284
160	0.2	na	7.1469502	10.82	0.12142857
161	0.2	na	18.049028	11.83	0.19476192
162	0.2	na	22.323051	12.32	0.23485713
163	0.2	1974.0	273.75	0.2	0.19171725
164	0.2	na	8.077294	10.35	0.052857142
165	0.2	1568.0	236.27272	0.66	0.19922188
166	0.2	na	12.88676	11.48	0.14571428
167	0.2	na	27.983713	12.28	0.20104763
168	0.2	na	8.800182	10.96	0.061428573
169	0.2	na	26.979183	12.01	0.20000002
170	0.2	na	7.157553	10.79	0.09857143
171	0.2	na	10.165187	11.26	0.10428572
172	0.2	na	25.772268	11.9	0.20183674
173	0.2	na	22.803953	12.14	0.19171429
174	0.2	na	22.298944	12.31	0.18371427
175	0.2	na	20.61482	12.28	0.19214286
176	0.2	1760.0	388.77777	0.18	0.18550937
177	0.2	1800.0	205.04651	0.86	0.20237356
178	0.2	na	25.89694	12.42	0.18767856
179	0.2	na	6.3852773	10.46	0.16571428
180	0.2	1760.0	241.0	0.43	0.19685256
181	0.2	na	28.768007	11.94	0.1926623
182	0.2	na	8.082552	10.66	0.15714286
183	0.2	na	25.928339	12.28	0.18714285
184	0.2	na	24.539669	12.1	0.18142857
185	0.2	na	5.6510515	10.46	NaN
186	0.2	na	17.344221	11.94	0.18
187	0.2	na	6.381629	10.56	0.13285714
188	0.2	na	28.699585	12.05	0.19142857
189	0.2	na	3.845057	10.52	NaN
190	0.2	na	19.566084	12.03	0.19928572
191	0.2	na	11.346831	11.36	0.1657143
192	0.2	na	30.304098	12.2	0.19801241
193	0.2	1432.0	136.91304	1.84	0.20549023
194	0.2	na	28.163637	12.1	0.20306122
195	0.2	1861.0	476.625	0.08	0.1758969
196	0.2	na	7.923361	10.83	0.09857143
197	0.2	na	14.337308	11.74	0.15714285
198	0.2	na	12.778157	11.72	0.1657143
199	0.2	na	29.399343	12.17	0.19844157
200	0.2	na	20.85008	12.34	0.17607144
1	0.3	na	22.036066	12.2	0.16457143
2	0.3	na	24.990902	12.09	0.18693876
3	0.3	na	25.033773	12.14	0.17666668
4	0.3	na	17.448729	12.19	0.21857142
5	0.3	na	16.25191	11.79	0.1604762
6	0.3	na	29.37013	12.32	0.1834694
7	0.3	na	15.157265	11.7	0.15428571
8	0.3	na	16.95218	11.92	0.18761905
9	0.3	na	22.763699	11.68	0.17142856
10	0.3	na	26.684853	12.28	0.17821428
11	0.3	na	5.5251184	10.55	NaN
12	0.3	na	7.2782025	10.46	0.114285715
13	0.3	na	22.424046	12.31	0.18200001
14	0.3	na	7.2656403	10.39	0.17285715
15	0.3	na	29.284763	12.01	0.18990476
16	0.3	na	19.813232	11.94	0.185
17	0.3	1697.0	96.98536	6.83	0.20280986
18	0.3	na	7.2194657	10.48	0.12571429
19	0.3	na	27.938362	12.33	0.20824176
20	0.3	na	23.820618	12.32	0.20119047
21	0.3	na	12.108751	11.77	0.14714286
22	0.3	na	27.533884	12.1	0.20650797
23	0.3	na	28.077986	12.31	0.19685714
24	0.3	na	20.289688	12.22	0.18607143
25	0.3	na	24.253916	12.13	0.21071428
26	0.3	na	19.442087	12.26	0.1517857
27	0.3	2560.0	91.13253	7.47	0.20398432
28	0.3	na	26.79967	12.08	0.2031746
29	0.3	na	18.33082	11.94	0.18571429
30	0.3	na	5.6038647	10.35	NaN
31	0.3	na	27.698269	12.13	0.18349206
32	0.3	na	19.309237	12.45	0.20678571
33	0.3	na	24.294214	12.1	0.20904763
34	0.3	na	17.090984	11.98	0.1647619
35	0.3	na	25.591503	12.24	0.17408164
36	0.3	na	25.188417	12.26	0.19892856
37	0.3	na	12.185088	11.4	0.16785714
38	0.3	na	15.259446	11.91	0.16428572
39	0.3	na	25.875305	12.27	0.18999998
40	0.3	na	24.948988	12.35	0.2009524
41	0.3	na	2.9299424	10.42	NaN
42	0.3	na	16.96546	12.16	0.16952382
43	0.3	na	15.842335	11.48	0.15714286
44	0.3	na	2.9155061	10.77	NaN
45	0.3	na	28.870445	12.35	0.20733333
46	0.3	na	24.384615	12.35	0.1854762
47	0.3	na	24.94637	12.12	0.18816328
48	0.3	na	27.67892	12.24	0.19928572
49	0.3	na	11.647318	11.37	0.13857143
50	0.3	na	28.978243	11.95	0.20579831
51	0.3	na	13.975695	11.52	0.14071429
52	0.3	na	30.395523	12.06	0.20779222
53	0.3	1747.0	99.13595	6.62	0.20548473
54	0.3	na	9.455211	10.94	0.13000001
55	0.3	na	19.058922	11.88	0.17142858
56	0.3	na	21.724138	11.89	0.16028573
57	0.3	na	4.678639	10.58	NaN
58	0.3	na	28.557947	12.08	0.19933335
59	0.3	na	26.684475	11.98	0.19035715
60	0.3	na	21.584093	12.07	0.17257142
61	0.3	na	26.976072	12.12	0.21042857
62	0.3	2150.0	99.15471	7.11	0.20412745
63	0.3	1450.0	89.34432	8.19	0.20913038
64	0.3	na	25.324436	11.99	0.18816327
65	0.3	na	25.532024	11.71	0.202449
66	0.3	na	20.508944	12.3	0.19
67	0.3	na	28.77004	12.35	0.19939849
68	0.3	na	19.449625	12.01	0.19107142
69	0.3	na	15.88395	12.15	0.16476192
70	0.3	na	29.502096	11.93	0.20266668
71	0.3	1334.0	91.1656	7.85	0.20824061
72	0.3	na	3.8294573	10.32	NaN
73	0.3	1373.0	89.89857	8.38	0.20541541
74	0.3	na	27.463099	12.33	0.20714286
75	0.3	1194.0	94.126564	7.98	0.20275636
76	0.3	na	29.958155	11.71	0.1961039
77	0.3	na	29.324121	11.94	0.18586467
78	0.3	na	23.195162	11.99	0.21028571
79	0.3	na	20.467596	12.19	0.19178571
80	0.3	na	2.9142857	10.85	NaN
81	0.3	na	30.490864	12.04	0.19942857
82	0.3	na	25.4342	11.93	0.17183675
83	0.3	na	2.906367	10.68	NaN
84	0.3	na	5.5623217	10.51	NaN
85	0.3	na	17.122938	12.12	0.21428569
86	0.3	na	27.50041	12.17	0.20785715
87	0.3	na	17.961222	12.12	0.15714286
88	0.3	na	16.122896	11.88	0.18619047
89	0.3	na	22.088139	12.14	0.17942856
90	0.3	na	30.566612	12.16	0.19565934
91	0.3	na	28.526743	12.34	0.20836735
92	0.3	1537.0	94.870705	7.27	0.20416829
93	0.3	na	29.57433	12.31	0.2005159
94	0.3	na	27.223568	12.39	0.22190477
95	0.3	na	28.361809	11.94	0.1870238
96	0.3	na	24.928167	12.39	0.20142856
97	0.3	na	3.8330097	10.3	NaN
98	0.3	na	15.7478485	11.62	0.18714285
99	0.3	na	21.946192	12.08	0.174
100	0.3	1655.0	94.805954	7.73	0.20939471
101	0.3	na	2.911681	10.53	NaN
102	0.3	na	14.416107	11.92	0.17285715
103	0.3	na	25.685877	12.32	0.20301586
104	0.3	na	19.476772	12.27	0.19464286
105	0.3	na	4.6961904	10.5	NaN
106	0.3	na	17.842773	11.83	0.19761904
107	0.3	na	28.22444	12.03	0.20764706
108	0.3	na	20.303871	11.88	0.17
109	0.3	na	20.00422	11.85	0.22321427
110	0.3	na	24.675896	12.28	0.19214286
111	0.3	1429.0	98.781624	7.51	0.20039216
112	0.3	na	6.3242483	10.64	0.11
113	0.3	na	15.9348755	11.67	0.17761905
114	0.3	na	29.28	11.75	0.20511906
115	0.3	na	27.396667	12.0	0.18714285
116	0.3	1533.0	91.26933	7.76	0.20634049
117	0.3	na	21.669651	12.29	0.20771429
118	0.3	na	11.609278	11.21	0.21000001
119	0.3	na	29.892712	12.21	0.21257144
120	0.3	na	2.9197707	10.47	NaN
121	0.3	na	24.712605	11.9	0.20333333
122	0.3	na	25.083334	12.24	0.18964286
123	0.3	na	3.844894	10.38	NaN
124	0.3	na	20.384117	12.34	0.17750001
125	0.3	1454.0	92.52836	6.7	0.2064044
126	0.3	na	28.136477	12.09	0.18168832
127	0.3	na	29.572464	12.42	0.1942857
128	0.3	na	11.437666	11.31	0.14428572
129	0.3	na	13.279762	11.76	0.13428572
130	0.3	na	2.8991518	10.61	NaN
131	0.3	na	27.713354	12.28	0.20363636
132	0.3	na	20.546688	12.53	0.1975
133	0.3	na	24.229218	12.39	0.19071428
134	0.3	na	23.317133	12.14	0.19095238
135	0.3	na	28.056982	12.46	0.19544643
136	0.3	1315.0	93.74235	7.84	0.20385253
137	0.3	na	27.710983	12.11	0.20249999
138	0.3	na	29.247974	12.34	0.1942857
139	0.3	na	28.971691	12.01	0.21912698
140	0.3	na	21.740229	12.28	0.19257143
141	0.3	na	7.261481	10.67	0.08714286
142	0.3	na	27.964046	11.96	0.20957144
143	0.3	na	11.103896	10.78	0.16571428
144	0.3	na	29.254694	12.25	0.20530613
145	0.3	na	27.552263	12.15	0.1920635
146	0.3	na	22.582842	11.89	0.19571428
147	0.3	na	29.627983	12.15	0.19922075
148	0.3	na	22.223404	12.22	0.18514286
149	0.3	na	26.94247	11.82	0.20214286
150	0.3	na	8.031628	10.75	0.11285715
151	0.3	na	23.807219	12.19	0.20380954
152	0.3	1711.0	91.20519	7.7	0.20576699
153	0.3	na	5.5666666	10.5	NaN
154	0.3	na	31.03719	12.1	0.20295568
155	0.3	na	17.205	12.0	0.17761905
156	0.3	na	28.98858	12.26	0.20897958
157	0.3	na	18.447481	11.71	0.19619048
158	0.3	na	24.050623	12.05	0.20833333
159	0.3	na	28.947014	11.89	0.19371426
160	0.3	na	3.8193917	10.52	NaN
161	0.3	na	28.218979	12.33	0.187551
162	0.3	1476.0	93.415565	7.58	0.20236968
163	0.3	1366.0	88.56951	8.2	0.20640287
164	0.3	na	7.987985	10.82	0.14285715
165	0.3	na	10.23524	10.84	0.17857143
166	0.3	na	22.474773	12.09	0.18714288
167	0.3	na	24.888159	12.16	0.18285716
168	0.3	na	25.136328	12.47	0.20204082
169	0.3	na	28.024027	12.07	0.20246755
170	0.3	na	15.567659	11.75	0.1995238
171	0.3	na	27.682787	12.2	0.20771427
172	0.3	na	27.73295	12.17	0.17842858
173	0.3	na	27.468983	12.09	0.20371428
174	0.3	na	26.79035	12.02	0.19785714
175	0.3	na	19.914404	12.15	0.1467857
176	0.3	na	29.380407	12.25	0.19230159
177	0.3	na	27.820847	12.28	0.19285716
178	0.3	na	22.738348	12.23	0.19457142
179	0.3	na	27.276543	12.15	0.18269841
180	0.3	na	3.8352602	10.38	NaN
181	0.3	na	7.8537908	11.08	0.105714284
182	0.3	na	25.181356	11.8	0.20591839
183	0.3	na	6.463768	10.35	0.122857146
184	0.3	na	20.08746	12.12	0.22035715
185	0.3	1792.0	93.190346	7.46	0.2076953
186	0.3	na	17.942404	11.98	0.18380952
187	0.3	na	24.927631	12.16	0.1977551
188	0.3	na	16.174305	12.22	0.15285714
189	0.3	na	30.486885	12.2	0.21171428
190	0.3	na	16.407438	11.83	0.17523809
191	0.3	na	25.93972	12.11	0.16183674
192	0.3	na	28.978333	12.0	0.20010202
193	0.3	na	16.978424	12.05	0.18666667
194	0.3	na	19.545229	12.05	0.15571429
195	0.3	na	14.177893	11.58	0.17785715
196	0.3	na	24.860636	12.27	0.17530611
197	0.3	na	18.860233	12.02	0.16214286
198	0.3	na	25.200827	12.1	0.17267857
199	0.3	na	21.737019	11.94	0.16457143
200	0.3	na	28.043125	12.29	0.18740259
1	0.4	na	20.823578	12.3	0.15357143
2	0.4	1251.0	73.92506	9.34	0.20529695
3	0.4	na	27.25271	11.99	0.21374999
4	0.4	na	17.030691	11.73	0.14666668
5	0.4	na	14.594128	11.58	0.17214286
6	0.4	na	6.410476	10.5	0.14571428
7	0.4	na	29.087912	11.83	0.18779221
8	0.4	na	20.125616	12.18	0.18357141
9	0.4	na	17.857027	12.31	0.15190476
10	0.4	na	10.757549	11.26	0.114285715
11	0.4	1333.0	73.53521	9.94	0.20794734
12	0.4	na	29.358868	12.01	0.21152385
13	0.4	na	29.722176	12.13	0.1980451
14	0.4	na	24.289303	12.34	0.2022449
15	0.4	na	11.55036	11.12	0.17714286
16	0.4	na	3.8119001	10.42	NaN
17	0.4	na	27.288094	12.01	0.19428572
18	0.4	1305.0	75.33803	9.23	0.20832564
19	0.4	na	28.052126	12.47	0.18971428
20	0.4	na	25.838333	12.0	0.20163265
21	0.4	na	11.4817705	11.52	0.15785715
22	0.4	na	4.708577	10.26	NaN
23	0.4	na	25.982687	12.13	0.16714285
24	0.4	na	10.923214	11.2	0.14857142
25	0.4	na	25.5937	12.38	0.17795917
26	0.4	na	5.5611854	10.46	NaN
27	0.4	na	21.33029	12.05	0.20321429
28	0.4	na	25.604322	12.03	0.2232653
29	0.4	na	26.422981	12.01	0.20875
30	0.4	na	2.9165902	10.91	NaN
31	0.4	na	15.518487	11.9	0.21809524
32	0.4	na	3.8625593	10.55	NaN
33	0.4	na	27.058725	12.09	0.19746032
34	0.4	na	28.679934	12.06	0.20551018
35	0.4	1599.0	70.4249	9.72	0.20654759
36	0.4	na	26.081339	12.54	0.18625002
37	0.4	na	7.2016807	10.71	0.117142856
38	0.4	na	29.056479	12.04	0.21360345
39	0.4	na	26.359838	12.45	0.20946428
40	0.4	na	28.872654	12.25	0.20527473
41	0.4	na	26.415657	12.39	0.2068831
42	0.4	na	21.735973	12.12	0.20028572
43	0.4	na	12.289199	11.48	0.16214286
44	0.4	na	3.828322	10.31	NaN
45	0.4	na	29.018349	11.99	0.20838508
46	0.4	1408.0	74.262314	9.34	0.20646049
47	0.4	na	28.769743	12.03	0.21728571
48	0.4	na	19.88027	11.86	0.17142856
49	0.4	na	5.619227	10.61	NaN
50	0.4	na	3.8373437	10.39	NaN
51	0.4	na	4.7098594	10.65	NaN
52	0.4	na	5.5711613	10.68	NaN
53	0.4	na	28.824175	11.83	0.2002381
54	0.4	na	10.974084	11.19	0.14
55	0.4	na	16.405798	11.73	0.13
56	0.4	na	24.751308	11.46	0.19
57	0.4	na	27.789814	12.37	0.19922076
58	0.4	na	23.943521	12.04	0.2066667
59	0.4	na	27.95297	12.12	0.20103897
60	0.4	na	8.732495	11.14	0.12142857
61	0.4	na	20.278955	12.26	0.16178572
62	0.4	na	5.536723	10.62	NaN
63	0.4	na	28.601492	12.07	0.18880951
64	0.4	na	17.133951	11.87	0.16523808
65	0.4	na	21.42279	12.11	0.1905714
66	0.4	na	20.707296	12.06	0.19178572
67	0.4	na	28.213236	12.24	0.219011
68	0.4	na	29.506973	12.19	0.20633928
69	0.4	na	27.297432	12.07	0.19739497
70	0.4	na	21.25	12.12	0.19257143
71	0.4	na	13.4551	11.47	0.15142858
72	0.4	na	25.004934	12.16	0.19959185
73	0.4	na	22.767305	11.99	0.22457142
74	0.4	na	5.5073667	10.86	NaN
75	0.4	na	12.904036	11.15	0.15285714
76	0.4	na	24.545092	12.53	0.19632652
77	0.4	na	5.619691	10.36	NaN
78	0.4	na	17.310148	12.22	0.15619047
79	0.4	na	6.351326	10.56	0.13428572
80	0.4	na	16.576412	12.04	0.20095237
81	0.4	na	24.517155	11.95	0.20666666
82	0.4	na	28.989283	12.13	0.20131868
83	0.4	na	28.447346	11.87	0.19297618
84	0.4	na	21.701883	12.21	0.2002857
85	0.4	na	16.218351	11.77	0.17666666
86	0.4	na	10.703866	11.38	0.12
87	0.4	na	27.185335	12.41	0.19732143
88	0.4	na	29.000814	12.27	0.19880955
89	0.4	na	10.116469	10.99	0.09714286
90	0.4	na	27.756847	12.05	0.19714287
91	0.4	na	10.93722	11.15	0.12571429
92	0.4	na	27.174654	12.31	0.1907143
93	0.4	na	25.425833	12.0	0.17595239
94	0.4	na	29.34172	12.32	0.20714287
95	0.4	na	24.529602	12.33	0.18238096
96	0.4	na	24.551836	12.25	0.18408164
97	0.4	na	19.401953	12.29	0.15857142
98	0.4	na	14.146529	11.67	0.165
99	0.4	na	22.653751	12.13	0.22942857
100	0.4	na	5.574056	10.33	NaN
101	0.4	na	2.946514	10.47	NaN
102	0.4	na	22.183523	12.26	0.19971427
103	0.4	na	16.626036	12.06	0.1652381
104	0.4	na	28.706896	12.18	0.19380952
105	0.4	na	28.35738	12.06	0.21999998
106	0.4	na	14.951302	11.91	0.16928571
107	0.4	na	6.4103546	10.43	0.12571429
108	0.4	na	27.229218	12.39	0.21000001
109	0.4	na	6.354689	10.77	0.14
110	0.4	na	22.803858	12.44	0.18880951
111	0.4	na	25.607616	12.08	0.20346938
112	0.4	na	21.09976	12.53	0.17742857
113	0.4	1248.0	74.54934	9.83	0.2004173
114	0.4	1294.0	75.48022	9.35	0.20481081
115	0.4	na	15.80716	12.29	0.17095238
116	0.4	na	14.921227	12.06	0.15214285
117	0.4	na	24.464344	12.06	0.16619049
118	0.4	na	14.074742	11.64	0.16071428
119	0.4	na	24.886547	12.34	0.20089287
120	0.4	1497.0	72.644066	9.44	0.21232313
121	0.4	na	15.789029	11.85	0.18904762
122	0.4	na	12.331579	11.4	0.13857143
123	0.4	na	23.45679	12.15	0.18595238
124	0.4	na	15.295763	11.8	0.13071428
125	0.4	na	14.279534	12.02	0.17285714
126	0.4	na	13.855196	11.74	0.15214285
127	0.4	na	10.1845875	11.16	0.15857144
128	0.4	na	26.082638	11.98	0.204
129	0.4	na	20.752874	12.18	0.16999999
130	0.4	na	27.393713	12.09	0.18444444
131	0.4	na	28.948019	12.12	0.19272727
132	0.4	na	9.348879	11.15	0.12857142
133	0.4	na	14.267432	12.19	0.16142857
134	0.4	na	4.7207294	10.42	NaN
135	0.4	na	17.897858	12.14	0.22523808
136	0.4	1454.0	69.007996	10.01	0.20365065
137	0.4	na	16.309122	11.84	0.16095237
138	0.4	na	25.785418	12.07	0.20387755
139	0.4	1150.0	69.884735	9.89	0.20562716
140	0.4	na	8.839201	10.51	0.13428572
141	0.4	na	23.268871	11.79	0.18485714
142	0.4	na	19.459677	12.4	0.15714286
143	0.4	na	9.237712	11.19	0.11142857
144	0.4	na	2.9243698	10.71	NaN
145	0.4	na	24.763159	12.16	0.19214286
146	0.4	na	30.53235	12.21	0.20196432
147	0.4	na	2.9071496	10.77	NaN
148	0.4	na	28.347445	12.52	0.19514288
149	0.4	na	26.480562	12.09	0.22607143
150	0.4	na	23.684809	12.31	0.20238096
151	0.4	na	16.788898	11.89	0.16619048
152	0.4	1195.0	71.2575	9.67	0.2067479
153	0.4	na	27.285357	11.95	0.19964285
154	0.4	na	11.357206	11.31	0.1907143
155	0.4	na	28.938993	12.13	0.20389956
156	0.4	na	22.474123	11.98	0.18742856
157	0.4	na	22.655033	12.32	0.17885715
158	0.4	na	15.211055	11.94	0.15571429
159	0.4	1255.0	72.6378	9.47	0.20758982
160	0.4	na	26.804419	12.22	0.1815873
161	0.4	1244.0	69.94237	9.89	0.20412432
162	0.4	na	20.095278	12.07	0.18107143
163	0.4	na	10.085182	11.27	0.12571429
164	0.4	na	24.478403	12.27	0.19333334
165	0.4	na	27.636969	12.01	0.21598214
166	0.4	na	26.643034	12.13	0.19285715
167	0.4	na	5.604808	10.4	NaN
168	0.4	na	12.228672	11.37	0.175
169	0.4	na	4.6904984	10.63	NaN
170	0.4	na	25.296888	11.89	0.21571429
171	0.4	na	27.820364	12.08	0.19749999
172	0.4	na	14.614987	11.61	0.15428571
173	0.4	na	27.8715	12.14	0.19583333
174	0.4	na	22.538982	11.8	0.19342858
175	0.4	na	27.348524	11.85	0.2017143
176	0.4	na	21.65523	11.95	0.16114286
177	0.4	1332.0	70.87628	9.78	0.20687972
178	0.4	na	29.103476	12.37	0.1992857
179	0.4	na	28.530783	12.02	0.20571427
180	0.4	na	3.8180094	10.55	NaN
181	0.4	na	25.43355	12.34	0.19089286
182	0.4	na	25.843235	12.12	0.19196428
183	0.4	na	27.51964	12.22	0.19363636
184	0.4	na	2.9335206	10.68	NaN
185	0.4	na	9.562216	11.01	0.16142857
186	0.4	na	24.681301	12.3	0.19714285
187	0.4	na	25.923834	12.21	0.21571429
188	0.4	na	20.418392	12.07	0.22464287
189	0.4	na	30.886158	12.21	0.18541354
190	0.4	na	4.6757774	10.61	NaN
191	0.4	na	27.958754	11.88	0.19363636
192	0.4	na	16.305834	12.0	0.20380954
193	0.4	na	2.92729	10.59	NaN
194	0.4	na	11.393554	11.79	0.15357143
195	0.4	na	4.6972303	10.47	NaN
196	0.4	na	24.96228	11.93	0.19547619
197	0.4	na	18.448877	12.03	0.18904762
198	0.4	na	5.5854125	10.42	NaN
199	0.4	na	18.358347	11.86	0.18904762
200	0.4	na	6.4324327	10.73	0.122857146
1	0.5	na	3.8184438	10.41	NaN
2	0.5	na	27.433853	12.17	0.20128572
3	0.5	na	25.41511	12.31	0.18285714
4	0.5	na	12.356453	11.39	0.12071429
5	0.5	na	14.567216	11.53	0.12571429
6	0.5	na	17.926079	12.04	0.16714287
7	0.5	na	23.746218	11.9	0.17285715
8	0.5	na	8.766849	10.98	0.07714286
9	0.5	na	15.659204	12.06	0.17857142
10	0.5	na	20.60177	12.43	0.20392856
11	0.5	na	10.878245	11.17	0.09285714
12	0.5	na	27.916191	12.29	0.18219781
13	0.5	na	2.9200761	10.51	NaN
14	0.5	na	16.90141	12.07	0.17142856
15	0.5	na	10.250452	11.06	0.122857146
16	0.5	1539.0	56.69723	10.47	0.21095449
17	0.5	na	2.9028037	10.7	NaN
18	0.5	na	29.17985	12.01	0.18923809
19	0.5	na	24.405714	12.25	0.2044898
20	0.5	na	10.856764	11.31	0.06428571
21	0.5	na	22.36664	12.11	0.15171428
22	0.5	na	10.946847	11.1	0.14857142
23	0.5	na	16.328346	12.03	0.2052381
24	0.5	na	19.051113	12.13	0.16535714
25	0.5	na	25.953318	12.21	0.16892858
26	0.5	na	8.751852	10.8	0.12142857
27	0.5	na	24.850613	12.25	0.19
28	0.5	na	23.896273	12.34	0.18333334
29	0.5	na	8.626226	11.21	0.114285715
30	0.5	na	25.914057	12.45	0.19015872
31	0.5	na	14.998348	12.11	0.16642857
32	0.5	na	27.75	12.32	0.18989012
33	0.5	na	25.794916	11.8	0.18877552
34	0.5	1784.0	60.92517	10.29	0.20687394
35	0.5	na	19.847376	12.58	0.20464286
36	0.5	na	8.692583	11.19	0.12428571
37	0.5	na	30.415297	12.16	0.20064797
38	0.5	na	28.551003	11.96	0.20747253
39	0.5	na	8.811286	10.81	0.09285714
40	0.5	na	19.286667	12.0	0.1725
41	0.5	na	16.775595	12.21	0.15523809
42	0.5	na	27.418663	12.11	0.17660715
43	0.5	na	14.512425	11.67	0.18
44	0.5	na	29.334427	12.2	0.19341269
45	0.5	na	27.897625	12.21	0.1847619
46	0.5	na	16.57498	12.07	0.18761905
47	0.5	na	26.118378	12.08	0.20785715
48	0.5	na	22.130255	12.13	0.18228571
49	0.5	na	20.504541	12.11	0.18857144
50	0.5	na	22.2521	11.9	0.184
51	0.5	na	28.199507	12.18	0.18738095
52	0.5	na	25.839607	12.22	0.20428573
53	0.5	na	24.073826	11.92	0.20904762
54	0.5	na	21.950373	12.09	0.19685714
55	0.5	na	4.7171817	10.36	NaN
56	0.5	na	24.946037	11.86	0.18642856
57	0.5	na	15.1494055	11.78	0.155
58	0.5	na	6.408704	10.57	0.12
59	0.5	1257.0	57.392006	10.51	0.20414203
60	0.5	na	26.282324	12.22	0.21
61	0.5	na	18.199831	11.81	0.14571428
62	0.5	na	25.29826	12.07	0.2020408
63	0.5	1445.0	57.063538	10.23	0.2065049
64	0.5	na	26.605198	11.93	0.20349208
65	0.5	na	5.6190476	10.5	NaN
66	0.5	na	22.411764	12.07	0.176
67	0.5	na	12.091066	11.53	0.11642857
68	0.5	1525.0	58.548943	10.42	0.2012254
69	0.5	na	8.019426	10.81	0.122857146
70	0.5	1079.0	58.924088	9.88	0.21025045
71	0.5	1308.0	58.268013	10.41	0.20942706
72	0.5	na	25.655968	12.15	0.20982142
73	0.5	na	17.515833	12.0	0.18238096
74	0.5	na	12.857762	11.53	0.16857143
75	0.5	na	28.7679	12.15	0.19507143
76	0.5	1193.0	56.921513	10.32	0.20720167
77	0.5	na	19.951807	12.45	0.19178571
78	0.5	na	20.699356	12.44	0.18357143
79	0.5	na	17.175777	11.89	0.16238095
80	0.5	na	30.30962	12.37	0.19768342
81	0.5	na	23.640894	11.64	0.19799998
82	0.5	na	23.373074	12.33	0.19380952
83	0.5	na	28.376982	11.99	0.1854945
84	0.5	na	12.680887	11.72	0.16642857
85	0.5	na	26.702791	12.18	0.20269842
86	0.5	na	30.395466	11.91	0.21881461
87	0.5	na	2.929591	10.51	NaN
88	0.5	na	18.47179	12.23	0.18214285
89	0.5	na	13.234042	11.75	0.16857143
90	0.5	na	27.111553	12.55	0.20155844
91	0.5	na	20.116667	12.6	0.16964285
92	0.5	na	2.9041352	10.64	NaN
93	0.5	na	12.686225	11.76	0.17500001
94	0.5	na	18.24255	12.08	0.22476192
95	0.5	na	25.827385	12.05	0.20017856
96	0.5	na	17.13868	11.97	0.14952381
97	0.5	na	28.065779	12.01	0.19999999
98	0.5	na	9.401762	11.35	0.058571428
99	0.5	na	12.237258	11.38	0.18357143
100	0.5	na	17.008291	12.06	0.16095239
101	0.5	na	29.779984	12.09	0.19495796
102	0.5	na	24.199501	12.03	0.17571427
103	0.5	na	17.921717	11.88	0.2152381
104	0.5	na	29.357376	12.2	0.20196912
105	0.5	na	6.413371	10.62	0.08285714
106	0.5	na	26.753706	12.14	0.20416667
107	0.5	na	24.758091	12.36	0.21102042
108	0.5	na	28.89011	11.83	0.18295918
109	0.5	na	25.342787	12.34	0.17775512
110	0.5	na	9.44222	10.99	0.12142857
111	0.5	na	7.985144	10.77	0.16142857
112	0.5	na	24.570017	12.14	0.2002041
113	0.5	na	18.181818	11.77	0.15380953
114	0.5	na	26.598055	12.34	0.20126984
115	0.5	na	18.581472	12.09	0.1342857
116	0.5	na	28.568071	12.34	0.1956044
117	0.5	1525.0	60.90141	10.65	0.20505896
118	0.5	1318.0	61.57826	10.67	0.20443012
119	0.5	na	15.432098	11.34	0.16
120	0.5	na	18.163666	12.22	0.19666667
121	0.5	na	17.128952	12.02	0.1952381
122	0.5	na	19.510237	12.21	0.15285714
123	0.5	na	19.494337	12.36	0.20071429
124	0.5	na	27.881071	11.94	0.18957143
125	0.5	na	17.156223	11.97	0.15809524
126	0.5	1139.0	58.157238	10.43	0.20676363
127	0.5	na	26.06245	12.49	0.18107143
128	0.5	na	27.9893	12.15	0.21441557
129	0.5	na	22.54685	12.38	0.18942857
130	0.5	na	29.136364	12.32	0.19376624
131	0.5	na	29.502058	12.15	0.19278196
132	0.5	na	27.023947	12.11	0.19107144
133	0.5	na	19.455446	12.12	0.16178572
134	0.5	na	27.01318	12.14	0.18174604
135	0.5	na	28.865696	12.36	0.2014966
136	0.5	na	26.298628	12.39	0.21464287
137	0.5	na	27.098661	11.96	0.19892858
138	0.5	na	18.731405	12.1	0.16392857
139	0.5	na	17.874588	12.12	0.1595238
140	0.5	na	25.379225	12.13	0.19979592
141	0.5	na	10.23967	10.89	0.09714286
142	0.5	na	27.432823	11.76	0.22160713
143	0.5	na	28.645372	12.21	0.20142856
144	0.5	na	16.055372	12.1	0.18571429
145	0.5	na	30.240694	12.09	0.18208791
146	0.5	na	28.674194	12.4	0.19944443
147	0.5	na	3.8371646	10.44	NaN
148	0.5	1561.0	59.714703	10.27	0.20353626
149	0.5	na	24.860502	12.33	0.19857144
150	0.5	na	7.9953313	10.71	0.08857143
151	0.5	na	24.148268	12.41	0.19976191
152	0.5	na	25.517214	12.2	0.18653062
153	0.5	na	10.889582	11.23	0.089999996
154	0.5	na	9.400901	11.1	0.15571429
155	0.5	na	29.422222	12.15	0.20769231
156	0.5	na	28.864046	12.21	0.2020408
157	0.5	na	20.348534	12.28	0.2257143
158	0.5	na	10.291403	11.05	0.14
159	0.5	na	24.34612	11.99	0.18571429
160	0.5	na	21.738665	12.13	0.17457142
161	0.5	na	23.88421	12.35	0.18309523
162	0.5	na	24.172981	12.14	0.19404763
163	0.5	na	30.491415	12.23	0.20462586
164	0.5	na	29.10171	12.29	0.20626622
165	0.5	na	17.436975	11.9	0.15523809
166	0.5	na	24.994219	12.11	0.18734694
167	0.5	na	10.199642	11.17	0.12857142
168	0.5	na	31.380257	11.65	0.19085714
169	0.5	na	12.875	11.36	0.18642856
170	0.5	na	13.910093	11.79	0.15285714
171	0.5	na	29.186537	12.33	0.20547621
172	0.5	na	27.678513	12.1	0.20792207
173	0.5	na	29.759678	12.4	0.22510205
174	0.5	na	15.695579	11.76	0.19714285
175	0.5	na	23.488176	11.84	0.19142857
176	0.5	na	23.461798	11.91	0.19357145
177	0.5	na	30.645695	12.08	0.20576923
178	0.5	na	16.66721	12.26	0.18571429
179	0.5	na	21.347506	12.23	0.19771428
180	0.5	na	27.103758	12.24	0.1725
181	0.5	na	29.28466	12.19	0.20646426
182	0.5	na	26.014889	12.09	0.18938775
183	0.5	na	28.123436	11.99	0.18357144
184	0.5	na	14.455631	11.72	0.14642857
185	0.5	1735.0	55.89313	10.48	0.20758061
186	0.5	na	29.606112	12.11	0.19703296
187	0.5	na	27.416666	12.12	0.20952381
188	0.5	na	16.121784	11.66	0.17428571
189	0.5	na	4.740634	10.41	NaN
190	0.5	na	24.891415	11.88	0.19755103
191	0.5	na	21.139252	12.28	0.15607142
192	0.5	na	7.209434	10.6	0.12857142
193	0.5	na	2.92	10.75	NaN
194	0.5	na	15.162208	11.96	0.16499999
195	0.5	na	11.580214	11.22	0.11785714
196	0.5	na	20.201168	11.98	0.18607144
197	0.5	na	28.753225	12.4	0.19673468
198	0.5	na	26.216013	11.99	0.2010204
199	0.5	1208.0	56.093544	10.69	0.20333886
200	0.5	na	26.28397	12.29	0.18408163