0.107811	-0.01099752	0.13040413012292856	0.02556716	1.1507525221722028	0.7978608	0.004509158	NaN
0.107811	-0.01099752	0.22012450721620244	0.02556716	0.6452032521803082	0.7978608	0.16049087	25.650906
0.107811	-0.01099752	0.15627339875770804	0.02556716	0.8729774240724133	0.7978608	0.0132967	NaN
0.107811	-0.01099752	0.08292692826306654	0.02556716	1.142106843276335	0.7978608	0.005014653	NaN
0.107811	-0.01099752	0.27094334334732056	0.02556716	0.5556375026586926	0.7978608	0.16726735	24.198421
0.107811	-0.01099752	0.10530343930480313	0.02556716	0.855559842164928	0.7978608	0.017937722	NaN
0.107811	-0.01099752	0.11189228115283077	0.02556716	1.220232549386348	0.7978608	0.004417583	NaN
0.107811	-0.01099752	0.2941181286187412	0.02556716	0.7871192482312301	0.7978608	0.027999999	NaN
0.107811	-0.01099752	0.14003193269733677	0.02556716	1.1488873650856553	0.7978608	0.004457876	NaN
0.107811	-0.01099752	0.24246066352321602	0.02556716	1.0621785588631676	0.7978608	0.004369964	NaN
0.107811	-0.01099752	0.164201100261865	0.02556716	0.7366564294447344	0.7978608	0.15262268	29.506887
0.107811	-0.01099752	0.01892143163493668	0.02556716	0.5040418629171449	0.7978608	0.17558612	36.422523
0.107811	-0.01099752	0.07578019038902718	0.02556716	0.460693156353303	0.7978608	0.17609899	28.383162
0.107811	-0.01099752	0.17715615931837245	0.02556716	0.7988064725412172	0.7978608	0.03814653	NaN
0.107811	-0.01099752	0.0346204965507686	0.02556716	1.264124377301001	0.7978608	0.004527473	NaN
0.107811	-0.01099752	0.20093609373644417	0.02556716	0.9823614518464947	0.7978608	0.0052637365	NaN
0.107811	-0.01099752	0.08345054610636034	0.02556716	0.9157454308325232	0.7978608	0.01024542	NaN
0.107811	-0.01099752	0.15479309864054921	0.02556716	0.4611740946887282	0.7978608	0.17411351	25.140778
0.107811	-0.01099752	0.07851746214148156	0.02556716	1.1540543632393934	0.7978608	0.0044615385	NaN
0.107811	-0.01099752	0.025027431218838818	0.02556716	0.4603210467952048	0.7978608	0.1760915	34.909393
0.107811	-0.01099752	0.21526633803333187	0.02556716	0.4138944196719861	0.7978608	0.17362267	23.803574
0.107811	-0.01099752	0.07391085336563662	0.02556716	1.0809128733287219	0.7978608	0.0045677656	NaN
0.107811	-0.01099752	0.2993537126153208	0.02556716	0.8329977008287057	0.7978608	0.017347986	NaN
0.107811	-0.01099752	0.15683533730679655	0.02556716	0.9913517688224847	0.7978608	0.004959707	NaN
0.107811	-0.01099752	0.21659586237033435	0.02556716	1.2971285696016153	0.7978608	0.0040622707	NaN
0.107811	-0.01099752	0.22201252020370568	0.02556716	0.8097988917769565	0.7978608	0.027619034	NaN
0.107811	-0.01099752	0.11113014398250809	0.02556716	0.8617125535892685	0.7978608	0.02027473	NaN
0.107811	-0.01099752	0.08164696364706008	0.02556716	0.47658454447676313	0.7978608	0.17350183	28.440046
0.107811	-0.01099752	0.04526981118132781	0.02556716	0.664944733828498	0.7978608	0.16327474	33.64518
0.107811	-0.01099752	0.22083161727272854	0.02556716	1.1728193685088792	0.7978608	0.00434066	NaN
0.107811	-0.01099752	0.1882914507996475	0.02556716	0.5537896277348157	0.7978608	0.16825649	24.90347
0.107811	-0.01099752	0.0755594640208333	0.02556716	1.0815089178602262	0.7978608	0.004384615	NaN
0.107811	-0.01099752	0.1948511001872985	0.02556716	0.5178153539006972	0.7978608	0.17128572	24.411118
0.107811	-0.01099752	0.024116398541386107	0.02556716	0.5703424143170306	0.7978608	0.16997439	35.958477
0.107811	-0.01099752	0.1731703096426918	0.02556716	0.858698767508296	0.7978608	0.017501825	NaN
0.107811	-0.01099752	0.06901816299901511	0.02556716	0.6140581617779436	0.7978608	0.16949083	30.554235
0.107811	-0.01099752	0.2174882436897969	0.02556716	1.1498994120279613	0.7978608	0.0044871797	NaN
0.107811	-0.01099752	0.15939048361223854	0.02556716	0.4828775865840852	0.7978608	0.17279117	25.1335
0.107811	-0.01099752	0.15529984772190233	0.02556716	0.7533016376071417	0.7978608	0.14056776	30.638998
0.107811	-0.01099752	0.27795654074553944	0.02556716	0.6957039412628028	0.7978608	0.15601839	26.084713
0.107811	-0.01099752	0.03487102178859691	0.02556716	1.1212689137530933	0.7978608	0.0045824177	NaN
0.107811	-0.01099752	0.3165334604419352	0.02556716	0.48148679573172803	0.7978608	0.1704286	22.849573
0.107811	-0.01099752	0.15140613932553212	0.02556716	0.48724830809438824	0.7978608	0.17411716	25.175398
0.107811	-0.01099752	0.2970366308704596	0.02556716	0.5982085989946774	0.7978608	0.16254213	24.361528
0.107811	-0.01099752	0.1392574398574228	0.02556716	0.7431814099407784	0.7978608	0.14946884	30.389164
0.107811	-0.01099752	0.049804519734415284	0.02556716	0.6112265595190773	0.7978608	0.1697143	32.392117
0.107811	-0.01099752	0.14853130633018272	0.02556716	0.4672290599987121	0.7978608	0.17617583	25.336935
0.107811	-0.01099752	0.15401887898948974	0.02556716	0.9370696685160276	0.7978608	0.008161171	NaN
0.107811	-0.01099752	0.22703448266162984	0.02556716	0.7305815474554352	0.7978608	0.1493004	28.072617
0.107811	-0.01099752	0.23742036721103357	0.02556716	0.5638201359950054	0.7978608	0.16826743	24.21383
0.107811	-0.01099752	0.29097717281247704	0.02556716	0.4030978059814865	0.7978608	0.170751	22.753523
0.107811	-0.01099752	0.17267102978277735	0.02556716	1.2437381679738155	0.7978608	0.0048461533	NaN
0.107811	-0.01099752	0.16523237877549202	0.02556716	0.7596158459283042	0.7978608	0.12783514	32.122757
0.107811	-0.01099752	0.043573334014371135	0.02556716	0.8938016371226991	0.7978608	0.012626375	NaN
0.107811	-0.01099752	0.25657153379402503	0.02556716	0.8139775978771038	0.7978608	0.028981682	NaN
0.107811	-0.01099752	0.2379397375468718	0.02556716	0.4582117149896931	0.7978608	0.17093769	23.77232
0.107811	-0.01099752	0.23397123439056192	0.02556716	1.0611874878704621	0.7978608	0.003772894	NaN
0.107811	-0.01099752	0.10695409271434178	0.02556716	0.7441419791288627	0.7978608	0.14250912	32.260387
0.107811	-0.01099752	0.30825218587577635	0.02556716	0.9586679482000157	0.7978608	0.006197802	NaN
0.107811	-0.01099752	0.05102934322476192	0.02556716	0.4316652859105439	0.7978608	0.17341387	30.741259
0.107811	-0.01099752	0.11084672306389143	0.02556716	1.229639295276126	0.7978608	0.004586081	NaN
0.107811	-0.01099752	0.12550047866641692	0.02556716	0.5491150421180995	0.7978608	0.17352374	26.4385
0.107811	-0.01099752	0.16116562764325545	0.02556716	1.256423385805967	0.7978608	0.0043772906	NaN
0.107811	-0.01099752	0.20355760177133936	0.02556716	0.8224018621562112	0.7978608	0.025644692	NaN
0.107811	-0.01099752	0.11539784213579488	0.02556716	0.7548124169180448	0.7978608	0.14700368	31.575583
0.107811	-0.01099752	0.18523966748300189	0.02556716	0.9668974603051127	0.7978608	0.006285712	NaN
0.107811	-0.01099752	0.1391159206350607	0.02556716	1.0489067159601435	0.7978608	0.0047106226	NaN
0.107811	-0.01099752	0.3065545499202784	0.02556716	0.6242194206240502	0.7978608	0.16263737	24.349598
0.107811	-0.01099752	0.05107205249933894	0.02556716	0.5063805667639891	0.7978608	0.17771058	31.230381
0.107811	-0.01099752	0.27228799697504313	0.02556716	0.5417019732382016	0.7978608	0.16829306	23.737333
0.107811	-0.01099752	0.3018282893911259	0.02556716	1.1466076207960478	0.7978608	0.004333333	NaN
0.107811	-0.01099752	0.27281738302824965	0.02556716	0.6784354866112934	0.7978608	0.15735167	25.789377
0.107811	-0.01099752	0.23320627801688118	0.02556716	0.9563060808754043	0.7978608	0.0071318685	NaN
0.107811	-0.01099752	0.12906805926086626	0.02556716	1.2518137288966806	0.7978608	0.0044395607	NaN
0.107811	-0.01099752	0.029022517194898876	0.02556716	0.6333088956658748	0.7978608	0.1694066	35.517357
0.107811	-0.01099752	0.22383335105712862	0.02556716	0.8321992578336372	0.7978608	0.02191574	NaN
0.107811	-0.01099752	0.19334993367245643	0.02556716	0.49998113011015494	0.7978608	0.16787174	24.695187
0.107811	-0.01099752	0.16315014912077602	0.02556716	1.0305683216466783	0.7978608	0.0046996344	NaN
0.107811	-0.01099752	0.31792506817641725	0.02556716	0.5854070363479069	0.7978608	0.16286084	23.609892
0.107811	-0.01099752	0.07372718566253636	0.02556716	1.2437664390193413	0.7978608	0.0049450556	NaN
0.107811	-0.01099752	0.10718082457710532	0.02556716	1.1387442770087275	0.7978608	0.004791208	NaN
0.107811	-0.01099752	0.21789978315780856	0.02556716	1.2386648222303869	0.7978608	0.004058609	NaN
0.107811	-0.01099752	0.1177266493541479	0.02556716	0.9661534483558473	0.7978608	0.006241758	NaN
0.107811	-0.01099752	0.22496632997018418	0.02556716	1.0382928472760173	0.7978608	0.004567765	NaN
0.107811	-0.01099752	0.2834293145370754	0.02556716	0.5534269436636204	0.7978608	0.16580588	23.804972
0.107811	-0.01099752	0.1244650277375167	0.02556716	1.2887461754363834	0.7978608	0.0048315017	NaN
0.107811	-0.01099752	0.1201025683466038	0.02556716	1.056254072297317	0.7978608	0.0046043964	NaN
0.107811	-0.01099752	0.29968874857399724	0.02556716	0.6013058760906302	0.7978608	0.16509522	23.97797
0.107811	-0.01099752	0.24411324048021507	0.02556716	1.2443813041993415	0.7978608	0.004197802	NaN
0.107811	-0.01099752	0.22048266647314976	0.02556716	0.5963864384224355	0.7978608	0.16994505	24.709784
0.107811	-0.01099752	0.28324614336789267	0.02556716	1.1577374396857048	0.7978608	0.0047069597	NaN
0.107811	-0.01099752	0.24669196478572344	0.02556716	1.1724835392303716	0.7978608	0.0046813195	NaN
0.107811	-0.01099752	0.22612802334484006	0.02556716	0.6182101792371215	0.7978608	0.16730037	25.114496
0.107811	-0.01099752	0.09733732927927033	0.02556716	0.7167362110825661	0.7978608	0.15914287	30.92497
0.107811	-0.01099752	0.07411929161708117	0.02556716	0.7830954152152796	0.7978608	0.13438828	36.24655
0.107811	-0.01099752	0.28921553177886583	0.02556716	1.1407937613866257	0.7978608	0.004391941	NaN
0.107811	-0.01099752	0.0593302545172083	0.02556716	0.5009044217159218	0.7978608	0.17452751	30.17749
0.107811	-0.01099752	0.03069534768226326	0.02556716	0.7556142420041694	0.7978608	0.122791186	37.696964
0.107811	-0.01099752	0.09214547343859729	0.02556716	0.7071551094337492	0.7978608	0.15762644	30.557413
0.107811	-0.01099752	0.23078568263422963	0.02556716	0.607500331477271	0.7978608	0.16560072	24.86202
0.107811	-0.01099752	0.2389994831017153	0.02556716	0.4166821282845745	0.7978608	0.17225644	23.258762
0.107811	-0.01099752	0.14502071537449138	0.02556716	0.4907628866550079	0.7978608	0.17141023	25.59028
0.107811	-0.01099752	0.14416620671468067	0.02556716	0.8801701798848646	0.7978608	0.015648352	NaN
0.107811	-0.01099752	0.24195400466524633	0.02556716	1.2230965044834212	0.7978608	0.004714286	NaN
0.107811	-0.01099752	0.3007272990597851	0.02556716	0.7172436898924768	0.7978608	0.11027838	28.820005
0.107811	-0.01099752	0.08477611642200435	0.02556716	1.078539363408572	0.7978608	0.0054102573	NaN
0.107811	-0.01099752	0.23233717215952437	0.02556716	1.1205160836369532	0.7978608	0.004776556	NaN
0.107811	-0.01099752	0.12825033036761757	0.02556716	0.4696815203468272	0.7978608	0.17643958	25.79021
0.107811	-0.01099752	0.08017242610882837	0.02556716	0.5590560599451566	0.7978608	0.17234062	28.976871
0.107811	-0.01099752	0.20653762061949185	0.02556716	0.7960312894000536	0.7978608	0.036032967	NaN
0.107811	-0.01099752	0.2893391490401498	0.02556716	0.7171414750141376	0.7978608	0.14611357	26.97031
0.107811	-0.01099752	0.272557438477093	0.02556716	0.9072249331408795	0.7978608	0.010282052	NaN
0.107811	-0.01099752	0.036106594609340084	0.02556716	0.7457987505450452	0.7978608	0.15325643	36.95483
0.107811	-0.01099752	0.1837398876393183	0.02556716	0.9429251091060658	0.7978608	0.008146521	NaN
0.107811	-0.01099752	0.07652330857317226	0.02556716	0.6466438083390363	0.7978608	0.16695234	30.515617
0.107811	-0.01099752	0.18185211874460022	0.02556716	0.9609976937933838	0.7978608	0.006190476	NaN
0.107811	-0.01099752	0.2556686194681193	0.02556716	0.5652488425206098	0.7978608	0.16856043	24.232195
0.107811	-0.01099752	0.1668722822591444	0.02556716	0.5310919629405961	0.7978608	0.1694322	25.016895
0.107811	-0.01099752	0.12542262984266414	0.02556716	0.4034576784332251	0.7978608	0.17388277	25.945665
0.107811	-0.01099752	0.12518210504915003	0.02556716	1.081753485918675	0.7978608	0.004809524	NaN
0.107811	-0.01099752	0.2837726737926197	0.02556716	0.9331061808346665	0.7978608	0.0065494487	NaN
0.107811	-0.01099752	0.23793173496706124	0.02556716	0.8541783108752039	0.7978608	0.018498166	NaN
0.107811	-0.01099752	0.09219248573907729	0.02556716	0.9522779207469403	0.7978608	0.0076227104	NaN
0.107811	-0.01099752	0.11080477856338687	0.02556716	0.5783406927370053	0.7978608	0.1699084	27.968735
0.107811	-0.01099752	0.16014228585909387	0.02556716	0.6776673800045427	0.7978608	0.16255306	27.24702
0.107811	-0.01099752	0.0908260892201998	0.02556716	0.8605348067571739	0.7978608	0.01630769	NaN
0.107811	-0.01099752	0.14564697971426988	0.02556716	0.7513943913055103	0.7978608	0.14473987	30.571152
0.107811	-0.01099752	0.31315986584301125	0.02556716	1.0504521283463297	0.7978608	0.004699633	NaN
0.107811	-0.01099752	0.0656810291103387	0.02556716	0.5732185542841766	0.7978608	0.17338826	30.517262
0.107811	-0.01099752	0.02841173547751439	0.02556716	1.2082542899524096	0.7978608	0.0042710616	NaN
0.107811	-0.01099752	0.07643527857405172	0.02556716	0.48772447881400943	0.7978608	0.17631131	28.391504
0.107811	-0.01099752	0.10290718114832725	0.02556716	0.4435943049797957	0.7978608	0.17612813	26.75829
0.107811	-0.01099752	0.03202726743619763	0.02556716	0.578833935178132	0.7978608	0.17126013	34.18406
0.107811	-0.01099752	0.1618028345473783	0.02556716	1.13916863314605	0.7978608	0.0042820517	NaN
0.107811	-0.01099752	0.06600573349603574	0.02556716	1.1768513207263904	0.7978608	0.004794871	NaN
0.107811	-0.01099752	0.24943411761834064	0.02556716	0.5400894621772242	0.7978608	0.1685824	23.938385
0.107811	-0.01099752	0.02130901836084898	0.02556716	0.7587868488705547	0.7978608	0.13010994	38.603634
0.107811	-0.01099752	0.27883319189149913	0.02556716	1.0007641929014952	0.7978608	0.00474359	NaN
0.107811	-0.01099752	0.09656404132985397	0.02556716	0.7101577103203542	0.7978608	0.15934065	30.554804
0.107811	-0.01099752	0.097185970783887	0.02556716	0.43134838634462214	0.7978608	0.17106229	27.130146
0.107811	-0.01099752	0.14792743031212932	0.02556716	0.981808754076358	0.7978608	0.004684982	NaN
0.107811	-0.01099752	0.17261318744820833	0.02556716	0.5208244954662002	0.7978608	0.17221242	25.071009
0.107811	-0.01099752	0.2586543905180089	0.02556716	0.5877148002917709	0.7978608	0.16698535	24.30931
0.107811	-0.01099752	0.24874487827714598	0.02556716	1.0805961129224546	0.7978608	0.0046630045	NaN
0.107811	-0.01099752	0.27900950748805836	0.02556716	1.1530017749603543	0.7978608	0.0043956037	NaN
0.107811	-0.01099752	0.29757936160808857	0.02556716	0.6139481824144151	0.7978608	0.1621831	24.172373
0.107811	-0.01099752	0.31376710065813024	0.02556716	0.8336644151579586	0.7978608	0.015362638	NaN
0.107811	-0.01099752	0.26234849340224825	0.02556716	0.4073947964774519	0.7978608	0.17011353	23.253052
0.107811	-0.01099752	0.16155558026209582	0.02556716	1.2073039265245367	0.7978608	0.004069598	NaN
0.107811	-0.01099752	0.2503169821557973	0.02556716	1.1201198927667044	0.7978608	0.004479854	NaN
0.107811	-0.01099752	0.3098693205518437	0.02556716	0.8007126569653393	0.7978608	0.024527475	NaN
0.107811	-0.01099752	0.2147555336441767	0.02556716	0.7896293651945228	0.7978608	0.035747256	NaN
0.107811	-0.01099752	0.07747634831891725	0.02556716	1.2410911692241058	0.7978608	0.0049597076	NaN
0.107811	-0.01099752	0.2944311449615318	0.02556716	0.8772610545576541	0.7978608	0.012289376	NaN
0.107811	-0.01099752	0.14852975932666182	0.02556716	0.8462025376090756	0.7978608	0.024622709	NaN
0.107811	-0.01099752	0.07156227797598083	0.02556716	0.6100467481906311	0.7978608	0.17047256	30.091099
0.107811	-0.01099752	0.26923965547078277	0.02556716	0.5517422532673427	0.7978608	0.16578385	23.946465
0.107811	-0.01099752	0.21562000387099728	0.02556716	1.2503392046586552	0.7978608	0.0049816845	NaN
0.107811	-0.01099752	0.05444495446756127	0.02556716	1.009917215915576	0.7978608	0.004512821	NaN
0.107811	-0.01099752	0.058177683918769194	0.02556716	0.4654154531976956	0.7978608	0.17746152	29.773502
0.107811	-0.01099752	0.20769741195354285	0.02556716	1.0115612126235587	0.7978608	0.0045421245	NaN
0.107811	-0.01099752	0.26749331219845346	0.02556716	0.6969389572161995	0.7978608	0.15564467	26.051891
0.107811	-0.01099752	0.30477045818030146	0.02556716	0.39848233710350967	0.7978608	0.17315026	22.562307
0.107811	-0.01099752	0.1021528369498234	0.02556716	0.7152074577883121	0.7978608	0.15826002	30.282318
0.107811	-0.01099752	0.07340462138607283	0.02556716	1.1508922670793496	0.7978608	0.004545788	NaN
0.107811	-0.01099752	0.17630857329411578	0.02556716	1.2320449341601492	0.7978608	0.004483516	NaN
0.107811	-0.01099752	0.1812238932604007	0.02556716	1.2107732200588621	0.7978608	0.0045091575	NaN
0.107811	-0.01099752	0.16387513257829484	0.02556716	1.2476981537540546	0.7978608	0.0044212462	NaN
0.107811	-0.01099752	0.1711226479307175	0.02556716	0.6081086049261817	0.7978608	0.16595244	25.832312
0.107811	-0.01099752	0.20061405322549075	0.02556716	1.0588007339909424	0.7978608	0.0045897434	NaN
0.107811	-0.01099752	0.16006299432418525	0.02556716	0.4508766879247974	0.7978608	0.1736264	25.28754
0.107811	-0.01099752	0.29087688773398945	0.02556716	0.7987047089328223	0.7978608	0.025597071	NaN
0.107811	-0.01099752	0.19008646995806092	0.02556716	0.8622356783792736	0.7978608	0.016065938	NaN
0.107811	-0.01099752	0.061060155322469584	0.02556716	1.114100386007756	0.7978608	0.0048095235	NaN
0.107811	-0.01099752	0.11609800608276437	0.02556716	1.2665115107055016	0.7978608	0.004509157	NaN
0.107811	-0.01099752	0.22492842508112193	0.02556716	0.7329001302464615	0.7978608	0.119619034	29.341257
0.107811	-0.01099752	0.2990708580321518	0.02556716	1.2475719053291021	0.7978608	0.0046117213	NaN
0.107811	-0.01099752	0.19510071620527175	0.02556716	1.1729979513824484	0.7978608	0.004520147	NaN
0.107811	-0.01099752	0.15532503375227624	0.02556716	0.7922541552543041	0.7978608	0.05196337	NaN
0.107811	-0.01099752	0.30247057930915955	0.02556716	0.9823746901302556	0.7978608	0.004893773	NaN
0.107811	-0.01099752	0.02531387541384781	0.02556716	0.49697612532183855	0.7978608	0.17576556	34.72625
0.107811	-0.01099752	0.08147028937910149	0.02556716	0.8658002698600819	0.7978608	0.017809521	NaN
0.107811	-0.01099752	0.06346656513077634	0.02556716	0.6667597398308514	0.7978608	0.16638091	31.951979
0.107811	-0.01099752	0.26642973002118087	0.02556716	0.8566354149196461	0.7978608	0.013435897	NaN
0.107811	-0.01099752	0.11745959611825496	0.02556716	0.5178159602107756	0.7978608	0.17350544	26.41425
0.107811	-0.01099752	0.07699922335186156	0.02556716	0.9919996745613299	0.7978608	0.0046813185	NaN
0.107811	-0.01099752	0.16223588019818325	0.02556716	1.2349884538978686	0.7978608	0.0045860815	NaN
0.107811	-0.01099752	0.023632412806549874	0.02556716	1.141116773119931	0.7978608	0.004534799	NaN
0.107811	-0.01099752	0.13045157264601864	0.02556716	1.070780238941635	0.7978608	0.004161172	NaN
0.107811	-0.01099752	0.13445544820830446	0.02556716	0.7447406083673311	0.7978608	0.15044692	30.545542
0.107811	-0.01099752	0.019343737636255888	0.02556716	1.2737191444415696	0.7978608	0.0046739937	NaN
0.107811	-0.01099752	0.03623821083978275	0.02556716	0.4582221557796755	0.7978608	0.1765239	32.402046
0.107811	-0.01099752	0.14366570968911896	0.02556716	0.8775731748511274	0.7978608	0.016164834	NaN
0.107811	-0.01099752	0.1619560573461626	0.02556716	0.46126323488449245	0.7978608	0.17301463	24.751534
0.107811	-0.01099752	0.09772624324454189	0.02556716	0.5181858338464685	0.7978608	0.17194508	27.486732
0.107811	-0.01099752	0.02952994897127841	0.02556716	1.1299926469718589	0.7978608	0.00443956	NaN
0.107811	-0.01099752	0.1147681921368995	0.02556716	0.7137999990931332	0.7978608	0.15836266	30.070168
0.107811	-0.01099752	0.1328722410877928	0.02556716	0.46320644699979124	0.7978608	0.174945	25.801529
0.107811	-0.01099752	0.19052866002814042	0.02556716	0.6609158936113649	0.7978608	0.16451289	26.272453
0.107811	-0.01099752	0.2796442539164643	0.02556716	0.530694234436432	0.7978608	0.16811357	23.722744
0.107811	-0.01099752	0.2345305801344274	0.02556716	0.6003003175535688	0.7978608	0.1660147	25.148975
0.107811	-0.01099752	0.2723576160927211	0.02556716	0.5524024101755545	0.7978608	0.16658613	23.438265
0.107811	-0.01099752	0.18605635328434345	0.02556716	0.7233838485194313	0.7978608	0.15568128	27.86622
0.107811	-0.01099752	0.03499000504371136	0.02556716	1.0722961878661144	0.7978608	0.0051611713	NaN
0.107811	-0.01099752	0.2195010220535959	0.02556716	0.8805250559387975	0.7978608	0.011388277	NaN
0.107811	-0.01099752	0.19397738196445719	0.02556716	1.2847412729720693	0.7978608	0.0049267407	NaN
0.107811	-0.01099752	0.2203545557841661	0.02556716	1.2935833471157607	0.7978608	0.004388279	NaN
0.107811	-0.01099752	0.24024287784676024	0.02556716	0.5798453475522649	0.7978608	0.16686447	24.288446
0.107811	-0.01099752	0.1432096821792272	0.02556716	0.6744347498242662	0.7978608	0.16075091	28.055132
0.107811	-0.01099752	0.21787365151164612	0.02556716	1.0290415693882085	0.7978608	0.0042271055	NaN
0.107811	-0.01099752	0.10392848941211685	0.02556716	1.1351404403899557	0.7978608	0.0052527473	NaN
0.107811	-0.01099752	0.07060706586668869	0.02556716	1.2495203898021776	0.7978608	0.0048571425	NaN
0.107811	-0.01099752	0.2840748633355853	0.02556716	1.201146137011392	0.7978608	0.004600733	NaN
0.107811	-0.01099752	0.22699593365031165	0.02556716	0.49220181801503177	0.7978608	0.16990477	23.953009
0.107811	-0.01099752	0.12632196253844635	0.02556716	1.1201438593734327	0.7978608	0.004915751	NaN
0.107811	-0.01099752	0.10293205834126207	0.02556716	1.2417396234112192	0.7978608	0.0047948733	NaN
0.107811	-0.01099752	0.297026014676043	0.02556716	0.5746986205459684	0.7978608	0.16666295	24.000774
0.107811	-0.01099752	0.05738609490032212	0.02556716	0.9133145932191173	0.7978608	0.010739926	NaN
0.107811	-0.01099752	0.21976069973802834	0.02556716	1.286684600833675	0.7978608	0.004435898	NaN
0.107811	-0.01099752	0.2551783251684691	0.02556716	1.1341474625828631	0.7978608	0.004315018	NaN
0.107811	-0.01099752	0.23306649802566753	0.02556716	0.8783061113648849	0.7978608	0.012846155	NaN
0.107811	-0.01099752	0.29599520352686687	0.02556716	0.7219122070581376	0.7978608	0.14554577	27.745142
0.107811	-0.01099752	0.04431102566479306	0.02556716	0.9234690907568088	0.7978608	0.008934067	NaN
0.107811	-0.01099752	0.2747634160832162	0.02556716	0.7636971473685827	0.7978608	0.07457145	39.95352
0.107811	-0.01099752	0.19684380957898173	0.02556716	0.8083274588461572	0.7978608	0.031388275	NaN
0.107811	-0.01099752	0.2952140073441072	0.02556716	1.1939348548740019	0.7978608	0.004619047	NaN
0.107811	-0.01099752	0.18688690728925225	0.02556716	0.7956371147746419	0.7978608	0.030003672	NaN
0.107811	-0.01099752	0.23484101398510593	0.02556716	0.7787783949579663	0.7978608	0.044549458	NaN
0.107811	-0.01099752	0.0960745781921835	0.02556716	0.6612794614405115	0.7978608	0.16359346	29.554615
0.107811	-0.01099752	0.07604524239614446	0.02556716	0.6515331897672675	0.7978608	0.16764842	30.559586
0.107811	-0.01099752	0.15556994668690471	0.02556716	0.42841987789070574	0.7978608	0.17450927	25.134094
0.107811	-0.01099752	0.10312902476450607	0.02556716	0.49818863187272067	0.7978608	0.17576925	27.062025
0.107811	-0.01099752	0.09566214872095534	0.02556716	0.7593793130485402	0.7978608	0.14815013	32.62678
0.107811	-0.01099752	0.023794252897466967	0.02556716	1.053435154642292	0.7978608	0.00489011	NaN
0.107811	-0.01099752	0.24256141289135644	0.02556716	1.039613112139243	0.7978608	0.0041428567	NaN
0.107811	-0.01099752	0.27675230913047544	0.02556716	0.4299383218571391	0.7978608	0.1688938	23.045933
0.107811	-0.01099752	0.019227077966525834	0.02556716	1.265917021473149	0.7978608	0.0048205135	NaN
0.107811	-0.01099752	0.30797140851140775	0.02556716	0.5540308684890498	0.7978608	0.167348	23.51532
0.107811	-0.01099752	0.03192561157945559	0.02556716	1.069542070275837	0.7978608	0.0046593407	NaN
0.107811	-0.01099752	0.15987577752307594	0.02556716	0.5876147901452697	0.7978608	0.16677292	26.049053
0.107811	-0.01099752	0.298728872444185	0.02556716	0.5535257199115478	0.7978608	0.16373259	23.349812
0.107811	-0.01099752	0.19962555149925798	0.02556716	0.9277158589069073	0.7978608	0.007824177	NaN
0.107811	-0.01099752	0.16671137452276516	0.02556716	0.8674519988855751	0.7978608	0.015362634	NaN
0.107811	-0.01099752	0.194541906020252	0.02556716	0.6619263157380906	0.7978608	0.16484244	26.270153
0.107811	-0.01099752	0.11541571148675453	0.02556716	0.5357242057016324	0.7978608	0.17259343	27.13717
0.107811	-0.01099752	0.2881775894396977	0.02556716	1.1412781458653216	0.7978608	0.0044468855	NaN
0.107811	-0.01099752	0.30452165136670006	0.02556716	1.1876319122188927	0.7978608	0.004637363	NaN
0.107811	-0.01099752	0.2928966644445451	0.02556716	0.9894049912482593	0.7978608	0.004586081	NaN
0.107811	-0.01099752	0.0730151823625327	0.02556716	0.9753657746760261	0.7978608	0.006168498	NaN
0.107811	-0.01099752	0.27834422731586483	0.02556716	0.921058170821634	0.7978608	0.008820513	NaN
0.107811	-0.01099752	0.02902889732052724	0.02556716	0.5773617906110012	0.7978608	0.17226376	34.7128
0.107811	-0.01099752	0.23412887635676483	0.02556716	0.7353409820240189	0.7978608	0.12513186	28.594782
0.107811	-0.01099752	0.3061680552265094	0.02556716	0.8209167158086395	0.7978608	0.017128205	NaN
0.107811	-0.01099752	0.10945579796214547	0.02556716	0.7471005183579839	0.7978608	0.14796336	31.824493
0.107811	-0.01099752	0.08091942792681407	0.02556716	0.6408998500431008	0.7978608	0.16580217	30.24896
0.107811	-0.01099752	0.020363263150427493	0.02556716	0.9553282282613045	0.7978608	0.007545787	NaN
0.107811	-0.01099752	0.2946425131916285	0.02556716	0.9791894356296894	0.7978608	0.005300367	NaN
0.107811	-0.01099752	0.28888494593268077	0.02556716	0.544560769601197	0.7978608	0.16810259	23.781826
0.107811	-0.01099752	0.12491910005916172	0.02556716	0.848838421505413	0.7978608	0.016677653	NaN
0.107811	-0.01099752	0.0971326944687659	0.02556716	1.1482403828861174	0.7978608	0.0045311353	NaN
0.107811	-0.01099752	0.30806806761744077	0.02556716	0.4082500665196528	0.7978608	0.17311722	22.497683
0.107811	-0.01099752	0.16015292606222403	0.02556716	0.49031456208106294	0.7978608	0.17388651	25.00588
0.107811	-0.01099752	0.04976408855052791	0.02556716	0.5994465487829247	0.7978608	0.17144318	32.09115
0.107811	-0.01099752	0.19722384475150528	0.02556716	1.0966805668535178	0.7978608	0.004135532	NaN
0.107811	-0.01099752	0.20088130326792328	0.02556716	0.5974441210212618	0.7978608	0.16639197	25.099617
0.107811	-0.01099752	0.24245394241634513	0.02556716	1.1552212804867223	0.7978608	0.004684982	NaN
0.107811	-0.01099752	0.2532149694953239	0.02556716	0.7600242096163219	0.7978608	0.08824547	32.525303
0.107811	-0.01099752	0.23047014395498278	0.02556716	0.7393878745670257	0.7978608	0.14471795	28.333319
0.107811	-0.01099752	0.2224575950846821	0.02556716	0.6777114399353846	0.7978608	0.16011359	26.126595
0.107811	-0.01099752	0.17535658180983676	0.02556716	0.43203076454316686	0.7978608	0.17580211	24.498713
0.107811	-0.01099752	0.11052714570549585	0.02556716	0.8184196836631403	0.7978608	0.03093041	NaN
0.107811	-0.01099752	0.29626755668716515	0.02556716	1.1492426532318447	0.7978608	0.0048131873	NaN
0.107811	-0.01099752	0.0208532751494095	0.02556716	0.5245027668620988	0.7978608	0.17972158	35.998936
0.107811	-0.01099752	0.08744162911112989	0.02556716	0.5369663185458529	0.7978608	0.17197798	28.328276
0.107811	-0.01099752	0.01767781852813083	0.02556716	0.858464057407475	0.7978608	0.017245429	NaN
0.107811	-0.01099752	0.030260070453230356	0.02556716	0.7385748140937469	0.7978608	0.15487541	37.128784
0.107811	-0.01099752	0.04639995284648876	0.02556716	0.9825752212086427	0.7978608	0.0054761907	NaN
0.107811	-0.01099752	0.13376212534721732	0.02556716	0.9585066991932514	0.7978608	0.0066410257	NaN
0.107811	-0.01099752	0.2442412936552785	0.02556716	1.2759579136991233	0.7978608	0.004736263	NaN
0.107811	-0.01099752	0.019670239158276842	0.02556716	1.2422611203953347	0.7978608	0.005007327	NaN
0.107811	-0.01099752	0.1573783830055884	0.02556716	0.6711029096623886	0.7978608	0.16179852	27.350918
0.107811	-0.01099752	0.05736373076285976	0.02556716	1.200096226333617	0.7978608	0.004945056	NaN
0.107811	-0.01099752	0.3051941231111135	0.02556716	0.7265631307702647	0.7978608	0.13792674	27.950844
0.107811	-0.01099752	0.14684354635685348	0.02556716	0.6145865974427236	0.7978608	0.16599625	26.8547
0.107811	-0.01099752	0.0927459189572349	0.02556716	0.992993677628328	0.7978608	0.0046923067	NaN
0.107811	-0.01099752	0.09491562878454028	0.02556716	0.6671494501065324	0.7978608	0.16363738	29.21993
0.107811	-0.01099752	0.19081417762664352	0.02556716	1.2898158353034712	0.7978608	0.004153846	NaN
0.107811	-0.01099752	0.19496548654635545	0.02556716	0.7034951084916903	0.7978608	0.1599817	27.265581
0.107811	-0.01099752	0.1310932700891052	0.02556716	0.9029721753289736	0.7978608	0.010468864	NaN
0.107811	-0.01099752	0.03563374013471979	0.02556716	0.7230560495655163	0.7978608	0.15604402	35.96221
0.107811	-0.01099752	0.2829691720940217	0.02556716	0.6822948690989125	0.7978608	0.15419783	25.965858
0.107811	-0.01099752	0.17500389988511597	0.02556716	0.870245471324136	0.7978608	0.01672894	NaN
0.107811	-0.01099752	0.025640335270387914	0.02556716	0.8625736001444493	0.7978608	0.019000003	NaN
0.107811	-0.01099752	0.04720834861249955	0.02556716	1.3143633384293172	0.7978608	0.004798535	NaN
0.107811	-0.01099752	0.22658318160309168	0.02556716	1.1624808307030967	0.7978608	0.00414652	NaN
0.107811	-0.01099752	0.05013570141239301	0.02556716	1.2864340740280422	0.7978608	0.00445055	NaN
0.107811	-0.01099752	0.19214638843953427	0.02556716	0.7501246972275053	0.7978608	0.11036263	31.75456
0.107811	-0.01099752	0.23082876474995442	0.02556716	0.4033585698367258	0.7978608	0.17344333	23.716017
0.107811	-0.01099752	0.15974105480238343	0.02556716	0.7290529738184461	0.7978608	0.15405129	28.716927
0.107811	-0.01099752	0.13948058344350278	0.02556716	1.3076869090032435	0.7978608	0.0047326004	NaN
0.107811	-0.01099752	0.02841750797355	0.02556716	0.5951605062114883	0.7978608	0.17109896	35.124958
0.107811	-0.01099752	0.22535518126685888	0.02556716	1.0032193989639817	0.7978608	0.0046959706	NaN
0.107811	-0.01099752	0.13680599145218572	0.02556716	1.3049711563104682	0.7978608	0.004190476	NaN
0.107811	-0.01099752	0.19538207095262292	0.02556716	0.5884007815913197	0.7978608	0.16661903	25.275131
0.107811	-0.01099752	0.2475918514543167	0.02556716	1.3003440635393968	0.7978608	0.004421246	NaN
0.107811	-0.01099752	0.2571434531125816	0.02556716	0.5415711163979078	0.7978608	0.16914651	23.678349
0.107811	-0.01099752	0.07763470711788639	0.02556716	0.8863110911618118	0.7978608	0.012912087	NaN
0.107811	-0.01099752	0.11807726532409578	0.02556716	0.7318276092448455	0.7978608	0.15678392	30.405403
0.107811	-0.01099752	0.2811155512441202	0.02556716	0.9071991197464511	0.7978608	0.008483516	NaN
0.107811	-0.01099752	0.21533822209577605	0.02556716	0.8600027816460418	0.7978608	0.015336999	NaN
0.107811	-0.01099752	0.20585696756491065	0.02556716	1.134683371179466	0.7978608	0.0047362624	NaN
0.107811	-0.01099752	0.14908490869137106	0.02556716	0.9085955707413857	0.7978608	0.009849819	NaN
0.107811	-0.01099752	0.23307353046346008	0.02556716	0.5544520296055385	0.7978608	0.16858605	24.133575
0.107811	-0.01099752	0.13698049382661018	0.02556716	1.1803894623400644	0.7978608	0.0046556774	NaN
0.107811	-0.01099752	0.18071231352490222	0.02556716	0.605721610214419	0.7978608	0.16804758	25.404848
0.107811	-0.01099752	0.2960261925955408	0.02556716	1.3055420319318576	0.7978608	0.004373626	NaN
0.107811	-0.01099752	0.12380676693379919	0.02556716	0.535858666138918	0.7978608	0.17286074	26.775202
0.107811	-0.01099752	0.05794229380780787	0.02556716	0.8687292116208762	0.7978608	0.015472526	NaN
0.107811	-0.01099752	0.09653767004335215	0.02556716	0.9608057591490368	0.7978608	0.005626374	NaN
0.107811	-0.01099752	0.041334886731161605	0.02556716	0.9518458875025493	0.7978608	0.007106228	NaN
0.107811	-0.01099752	0.24678067961429404	0.02556716	1.0653865468755566	0.7978608	0.0043626376	NaN
0.107811	-0.01099752	0.014550885335211882	0.02556716	0.49454543142868423	0.7978608	0.1713736	37.207127
0.107811	-0.01099752	0.1782012810729902	0.02556716	0.4861697646595305	0.7978608	0.17439926	24.688887
0.107811	-0.01099752	0.07541154543341053	0.02556716	0.5708181799401836	0.7978608	0.17075096	29.471107
0.107811	-0.01099752	0.11687100383048991	0.02556716	0.5516193896499266	0.7978608	0.17201094	27.130243
0.107811	-0.01099752	0.13975561022236827	0.02556716	0.9312121204788936	0.7978608	0.007336996	NaN
0.107811	-0.01099752	0.05291481618589128	0.02556716	0.8893389057451317	0.7978608	0.013043956	NaN
0.107811	-0.01099752	0.225692297039267	0.02556716	1.1360019405317385	0.7978608	0.004505495	NaN
0.107811	-0.01099752	0.2927642321025689	0.02556716	0.939442728488698	0.7978608	0.00795238	NaN
0.107811	-0.01099752	0.26250265551677826	0.02556716	0.47209667143571094	0.7978608	0.17025274	23.30743
0.107811	-0.01099752	0.08441864221909492	0.02556716	1.237971535117417	0.7978608	0.0046556788	NaN
0.107811	-0.01099752	0.06242189909693359	0.02556716	0.9756867671915985	0.7978608	0.0061428575	NaN
0.107811	-0.01099752	0.11722579826387773	0.02556716	0.5258866594921302	0.7978608	0.17049085	26.968714
0.107811	-0.01099752	0.02454634570150891	0.02556716	1.184721076142536	0.7978608	0.0050329673	NaN
0.107811	-0.01099752	0.29809402242039584	0.02556716	0.8793872003631248	0.7978608	0.011395604	NaN
0.107811	-0.01099752	0.17537151214957256	0.02556716	0.92651267661091	0.7978608	0.0079963375	NaN
0.107811	-0.01099752	0.09234618369973854	0.02556716	0.7939132956378273	0.7978608	0.081608064	NaN
0.107811	-0.01099752	0.29955945215706553	0.02556716	1.0650750833949512	0.7978608	0.004175824	NaN
0.107811	-0.01099752	0.14755142047153022	0.02556716	1.2734370740887788	0.7978608	0.0046153856	NaN
0.107811	-0.01099752	0.051445645446441035	0.02556716	0.6400973518663496	0.7978608	0.16833693	32.373566
0.107811	-0.01099752	0.2514994897313095	0.02556716	0.7849185383509744	0.7978608	0.036780234	NaN
0.107811	-0.01099752	0.04778521279770516	0.02556716	1.118158520726368	0.7978608	0.005040293	NaN
0.107811	-0.01099752	0.3089480965071829	0.02556716	0.5734998563938756	0.7978608	0.16430776	23.587545
0.107811	-0.01099752	0.18079915692863188	0.02556716	0.5931729765863617	0.7978608	0.17042127	25.36421
0.107811	-0.01099752	0.033997697754652154	0.02556716	0.5039245289723694	0.7978608	0.17356046	33.33746
0.107811	-0.01099752	0.24776032403596424	0.02556716	0.7133699994440876	0.7978608	0.15325278	26.534561
0.107811	-0.01099752	0.12020382035655913	0.02556716	0.7280529314919303	0.7978608	0.15354945	30.354548
0.107811	-0.01099752	0.19281715856395507	0.02556716	0.7094200821644925	0.7978608	0.1555934	27.88764
0.107811	-0.01099752	0.04591241356638791	0.02556716	1.1095186174461809	0.7978608	0.004860806	NaN
0.107811	-0.01099752	0.016614304569091406	0.02556716	0.7002704028192472	0.7978608	0.16047242	38.035248
0.107811	-0.01099752	0.26146196887514145	0.02556716	1.1974304524005182	0.7978608	0.00423077	NaN
0.107811	-0.01099752	0.19084627975703577	0.02556716	0.5029360611805745	0.7978608	0.17173618	24.494667
0.107811	-0.01099752	0.050559042806266885	0.02556716	0.8879015639697221	0.7978608	0.012388276	NaN
0.107811	-0.01099752	0.07742298656164696	0.02556716	0.9464773250496358	0.7978608	0.0070109894	NaN
0.107811	-0.01099752	0.16537314828708227	0.02556716	0.4354396933525432	0.7978608	0.17297806	25.051922
0.107811	-0.01099752	0.29815706978642764	0.02556716	1.292074598767437	0.7978608	0.004545788	NaN
0.107811	-0.01099752	0.14727933191495662	0.02556716	0.9303046635381478	0.7978608	0.0073919394	NaN
0.107811	-0.01099752	0.06131874055360455	0.02556716	1.2245223304288393	0.7978608	0.004868132	NaN
0.107811	-0.01099752	0.21228099701311073	0.02556716	0.8069134775574319	0.7978608	0.028069593	NaN
0.107811	-0.01099752	0.2321477527472271	0.02556716	1.1623071856582765	0.7978608	0.0046227113	NaN
0.107811	-0.01099752	0.24657147901335164	0.02556716	0.691114273434403	0.7978608	0.15841758	25.983397
0.107811	-0.01099752	0.06260031903321417	0.02556716	0.8318286213590018	0.7978608	0.026652014	NaN
0.107811	-0.01099752	0.18672778965360046	0.02556716	0.90589605790179	0.7978608	0.009410256	NaN
0.107811	-0.01099752	0.18861211874180134	0.02556716	1.1307195224853028	0.7978608	0.0050219777	NaN
0.107811	-0.01099752	0.05996881011025437	0.02556716	0.5594801282449011	0.7978608	0.17073993	30.54779
0.107811	-0.01099752	0.12135260475315933	0.02556716	0.8208298919774929	0.7978608	0.031424917	NaN
0.107811	-0.01099752	0.22758944975215903	0.02556716	0.7853344118214032	0.7978608	0.08362276	NaN
0.107811	-0.01099752	0.11284693517598685	0.02556716	0.7958024075503938	0.7978608	0.05817581	NaN
0.107811	-0.01099752	0.06459421365198625	0.02556716	1.2622948571510233	0.7978608	0.0042637354	NaN
0.107811	-0.01099752	0.25336825986587563	0.02556716	1.0098711929798752	0.7978608	0.0042197807	NaN
0.107811	-0.01099752	0.1826707396027707	0.02556716	0.849455715375334	0.7978608	0.018256407	NaN
0.107811	-0.01099752	0.015618754811591438	0.02556716	0.5479290028342364	0.7978608	0.17231137	37.475952
0.107811	-0.01099752	0.30891346325513896	0.02556716	1.1637390377112837	0.7978608	0.0043333336	NaN
0.107811	-0.01099752	0.053759669048343284	0.02556716	0.7017244295531384	0.7978608	0.16042484	33.756958
0.107811	-0.01099752	0.08312198738860191	0.02556716	1.0976793650908219	0.7978608	0.004578755	NaN
0.107811	-0.01099752	0.09278439329594729	0.02556716	1.0191688758171138	0.7978608	0.004520148	NaN
0.107811	-0.01099752	0.11909803707359881	0.02556716	1.0194512375684197	0.7978608	0.004289377	NaN
0.107811	-0.01099752	0.03532064737205362	0.02556716	1.248317801213052	0.7978608	0.0045054937	NaN
0.107811	-0.01099752	0.247991530795976	0.02556716	1.2114156515392587	0.7978608	0.004369963	NaN
0.107811	-0.01099752	0.09545819155467314	0.02556716	0.7802499886141758	0.7978608	0.087311365	NaN
0.107811	-0.01099752	0.3127555117467047	0.02556716	1.1829359299150288	0.7978608	0.0039963373	NaN
0.107811	-0.01099752	0.21107801773733795	0.02556716	0.5664878981227649	0.7978608	0.16870698	25.039352
0.107811	-0.01099752	0.21732696271179425	0.02556716	1.2864930321936483	0.7978608	0.004593406	NaN
0.107811	-0.01099752	0.22646860589112866	0.02556716	0.8671949741654118	0.7978608	0.015428571	NaN
0.107811	-0.01099752	0.12277125963047632	0.02556716	1.281342107911757	0.7978608	0.0046996335	NaN
0.107811	-0.01099752	0.06993293090630753	0.02556716	1.1561152247491933	0.7978608	0.004941392	NaN
0.107811	-0.01099752	0.07019575131226391	0.02556716	0.48904987805001565	0.7978608	0.17478387	29.209587
0.107811	-0.01099752	0.10469213915630492	0.02556716	1.077861477327796	0.7978608	0.004575091	NaN
0.107811	-0.01099752	0.07139997055119364	0.02556716	0.6713646511763025	0.7978608	0.16634436	31.354122
0.107811	-0.01099752	0.1950666483911656	0.02556716	1.0671332180453108	0.7978608	0.004692308	NaN
0.107811	-0.01099752	0.11491145407330414	0.02556716	1.2418864804926923	0.7978608	0.004604395	NaN
0.107811	-0.01099752	0.06084756722537506	0.02556716	0.7525770678944719	0.7978608	0.14778022	34.819416
0.107811	-0.01099752	0.09204551994761936	0.02556716	0.9700000537409037	0.7978608	0.006582417	NaN
0.107811	-0.01099752	0.04063052782231287	0.02556716	0.8436148774116902	0.7978608	0.020750921	NaN
0.107811	-0.01099752	0.21417415497420259	0.02556716	1.0696794907710654	0.7978608	0.004505495	NaN
0.107811	-0.01099752	0.23596275793867771	0.02556716	0.4559419455555074	0.7978608	0.1697362	23.619081
0.107811	-0.01099752	0.31609762489194865	0.02556716	1.1666543582675355	0.7978608	0.0040109903	NaN
0.107811	-0.01099752	0.220667173833162	0.02556716	0.941238754591526	0.7978608	0.0075677657	NaN
0.107811	-0.01099752	0.08428933758924824	0.02556716	1.2865206165050251	0.7978608	0.004677657	NaN
0.107811	-0.01099752	0.06407840307739594	0.02556716	1.2064087417102116	0.7978608	0.005058607	NaN
0.107811	-0.01099752	0.09160674884723437	0.02556716	0.8426216142475198	0.7978608	0.01854944	NaN
0.107811	-0.01099752	0.30883404623656463	0.02556716	1.0698719860527253	0.7978608	0.0043882797	NaN
0.107811	-0.01099752	0.14915497548939569	0.02556716	0.42289565492353826	0.7978608	0.17276563	25.118414
0.107811	-0.01099752	0.18556522154024654	0.02556716	0.884228894986276	0.7978608	0.01102564	NaN
0.107811	-0.01099752	0.05168199867378816	0.02556716	0.6272093386823339	0.7978608	0.16673253	32.222927
0.107811	-0.01099752	0.04414427764929011	0.02556716	1.2066282360373903	0.7978608	0.004893773	NaN
0.107811	-0.01099752	0.1595895369549788	0.02556716	1.1164919577757733	0.7978608	0.004666666	NaN
0.107811	-0.01099752	0.04506022948354321	0.02556716	0.5319563537569594	0.7978608	0.1756337	32.050713
0.107811	-0.01099752	0.19990991803472696	0.02556716	1.1852428075467043	0.7978608	0.0045934063	NaN
0.107811	-0.01099752	0.2931738442338083	0.02556716	0.5817047359393585	0.7978608	0.16569592	23.938156
0.107811	-0.01099752	0.20474700567233348	0.02556716	0.6593190139638341	0.7978608	0.16135529	26.204212
0.107811	-0.01099752	0.10138457862723563	0.02556716	0.43792645627132076	0.7978608	0.17336266	26.929451
0.107811	-0.01099752	0.20687607286364634	0.02556716	0.4239213238154179	0.7978608	0.17459345	23.887281
0.107811	-0.01099752	0.19563976652171622	0.02556716	1.2684623808532898	0.7978608	0.004560439	NaN
0.107811	-0.01099752	0.25581604859357443	0.02556716	0.8116366795362939	0.7978608	0.022201473	NaN
0.107811	-0.01099752	0.22142984735267882	0.02556716	1.0122697995216567	0.7978608	0.004644689	NaN
0.107811	-0.01099752	0.23696537633701195	0.02556716	0.7724540683444312	0.7978608	0.06087179	NaN
0.107811	-0.01099752	0.14703838247791054	0.02556716	1.2032093121152387	0.7978608	0.0041025635	NaN
0.107811	-0.01099752	0.269265866810612	0.02556716	1.1072168474362116	0.7978608	0.004479853	NaN
0.107811	-0.01099752	0.2800700014884415	0.02556716	0.7408701085336326	0.7978608	0.11461907	29.37814
0.107811	-0.01099752	0.08942907407828365	0.02556716	0.9733929150796834	0.7978608	0.006296704	NaN
0.107811	-0.01099752	0.16426206672289967	0.02556716	1.170028326652106	0.7978608	0.0048095244	NaN
0.107811	-0.01099752	0.2009625763163617	0.02556716	0.7017368298020936	0.7978608	0.15763368	27.191547
0.107811	-0.01099752	0.19578550713135934	0.02556716	1.1770145645922863	0.7978608	0.004267399	NaN
0.107811	-0.01099752	0.01895062538748812	0.02556716	1.224818176962469	0.7978608	0.004655678	NaN
0.107811	-0.01099752	0.07675670870735919	0.02556716	0.9355596893489224	0.7978608	0.008197801	NaN
0.107811	-0.01099752	0.2763999251392334	0.02556716	0.9923292620040269	0.7978608	0.004406593	NaN
0.107811	-0.01099752	0.07217891037672504	0.02556716	0.6974495798335462	0.7978608	0.16056044	31.804552
0.107811	-0.01099752	0.2551445584430996	0.02556716	1.1621060576601465	0.7978608	0.004146521	NaN
0.107811	-0.01099752	0.11087571743294472	0.02556716	1.2648258640033152	0.7978608	0.004721612	NaN
0.107811	-0.01099752	0.10381415954562791	0.02556716	0.5477025381585499	0.7978608	0.17157154	27.573046
0.107811	-0.01099752	0.27455186377014185	0.02556716	1.2138764325629687	0.7978608	0.004432236	NaN
0.107811	-0.01099752	0.2925583962784869	0.02556716	0.696410114420555	0.7978608	0.14583515	26.52405
0.107811	-0.01099752	0.2057201989232953	0.02556716	1.2342961600944102	0.7978608	0.0041391947	NaN
0.107811	-0.01099752	0.1865537073173352	0.02556716	0.7440607682706024	0.7978608	0.14246151	29.905209
0.107811	-0.01099752	0.12388253486186745	0.02556716	0.8441987264754932	0.7978608	0.018659336	NaN
0.107811	-0.01099752	0.016668197557693568	0.02556716	1.1024615861606182	0.7978608	0.004476191	NaN
0.107811	-0.01099752	0.14506961758779385	0.02556716	0.6871715267318521	0.7978608	0.16034801	27.947613
0.107811	-0.01099752	0.2928817654783954	0.02556716	1.2512461193570987	0.7978608	0.004234432	NaN
0.107811	-0.01099752	0.08342981996859496	0.02556716	0.8662199270674307	0.7978608	0.014362639	NaN
0.107811	-0.01099752	0.22048942490264667	0.02556716	1.2233873678316605	0.7978608	0.0046043945	NaN
0.107811	-0.01099752	0.21988977173218033	0.02556716	0.46060352894951045	0.7978608	0.17343223	23.736929
0.107811	-0.01099752	0.22742298124138854	0.02556716	0.5508156308309295	0.7978608	0.17022717	24.094484
0.107811	-0.01099752	0.15678208257366122	0.02556716	0.4171761890410577	0.7978608	0.17221609	25.147905
0.107811	-0.01099752	0.14288042783285054	0.02556716	0.416436372613119	0.7978608	0.17437728	25.372011
0.107811	-0.01099752	0.07160917840874327	0.02556716	0.5892793229054186	0.7978608	0.16953845	29.650272
0.107811	-0.01099752	0.06191589304077462	0.02556716	1.2887948484582554	0.7978608	0.00448718	NaN
0.107811	-0.01099752	0.13713078250691477	0.02556716	1.293844586818171	0.7978608	0.0050476193	NaN
0.107811	-0.01099752	0.13400550547627607	0.02556716	0.8119447028989022	0.7978608	0.037791196	NaN
0.107811	-0.01099752	0.17088552748131589	0.02556716	0.5919302578156803	0.7978608	0.1674908	25.527996
0.107811	-0.01099752	0.017604204217280185	0.02556716	1.21428869988325	0.7978608	0.004798535	NaN
0.107811	-0.01099752	0.0842863950844315	0.02556716	0.44827543149296367	0.7978608	0.1760256	27.898043
0.107811	-0.01099752	0.19804881104846775	0.02556716	0.7692589916541677	0.7978608	0.088439554	NaN
0.107811	-0.01099752	0.06510482490570321	0.02556716	0.667974459121198	0.7978608	0.16372894	31.672934
0.107811	-0.01099752	0.26805556356886345	0.02556716	1.1827807128738863	0.7978608	0.0045128213	NaN
0.107811	-0.01099752	0.09405256128527727	0.02556716	1.2562898790037504	0.7978608	0.0048315017	NaN
0.107811	-0.01099752	0.22498404730873997	0.02556716	1.02359440040701	0.7978608	0.004692308	NaN
0.107811	-0.01099752	0.14299699674964156	0.02556716	1.024745187999606	0.7978608	0.0046263738	NaN
0.107811	-0.01099752	0.0901867362127299	0.02556716	0.4166050981602534	0.7978608	0.17629305	27.588696
0.107811	-0.01099752	0.030137820295986353	0.02556716	0.4954731254126853	0.7978608	0.17536628	33.81126
0.107811	-0.01099752	0.15412046739710028	0.02556716	1.1762605701525928	0.7978608	0.004527473	NaN
0.107811	-0.01099752	0.28505645774694405	0.02556716	0.4578837054810084	0.7978608	0.17184615	23.046093
0.107811	-0.01099752	0.14923230960893483	0.02556716	0.8608735349641035	0.7978608	0.016483517	NaN
0.107811	-0.01099752	0.2710613315778625	0.02556716	0.9318278499215351	0.7978608	0.008175824	NaN
0.107811	-0.01099752	0.2235305006396405	0.02556716	1.1361258503637282	0.7978608	0.0038791213	NaN
0.107811	-0.01099752	0.1603111093304215	0.02556716	1.045897494112841	0.7978608	0.0042527467	NaN
0.107811	-0.01099752	0.15862828882504593	0.02556716	0.4678903210128332	0.7978608	0.17191944	25.094465
0.107811	-0.01099752	0.013640321837930834	0.02556716	0.4838594993977721	0.7978608	0.17550921	37.37213
0.107811	-0.01099752	0.3126334470910301	0.02556716	1.2323341129598269	0.7978608	0.0044761905	NaN
0.107811	-0.01099752	0.1958278367600052	0.02556716	1.2594385896883016	0.7978608	0.0048717954	NaN
0.107811	-0.01099752	0.1349607550012674	0.02556716	0.46185384516269457	0.7978608	0.17305122	25.612123
0.107811	-0.01099752	0.1490368116520326	0.02556716	0.9771520507832003	0.7978608	0.005164835	NaN
0.107811	-0.01099752	0.21405951306460214	0.02556716	0.4567108016762673	0.7978608	0.17410614	23.714481
0.107811	-0.01099752	0.18104710421275483	0.02556716	0.41388416018732915	0.7978608	0.17578752	24.347137
0.107811	-0.01099752	0.0884347302150223	0.02556716	0.44891923285785373	0.7978608	0.17612095	27.843065
0.107811	-0.01099752	0.06614383231299151	0.02556716	0.7713442873264476	0.7978608	0.122003675	36.546925
0.107811	-0.01099752	0.30080091976978934	0.02556716	0.7871589447044053	0.7978608	0.038824175	NaN
0.107811	-0.01099752	0.19103448834231426	0.02556716	0.8974379644184836	0.7978608	0.0101282075	NaN
0.107811	-0.01099752	0.09967053384100381	0.02556716	0.4564615162054606	0.7978608	0.17872535	27.088602
0.107811	-0.01099752	0.1385234762596002	0.02556716	0.9594266460298311	0.7978608	0.0071318685	NaN
0.107811	-0.01099752	0.29618274135756173	0.02556716	0.9829002916186601	0.7978608	0.005073261	NaN
0.107811	-0.01099752	0.026187564612071258	0.02556716	1.2635408928109424	0.7978608	0.0044981684	NaN
0.107811	-0.01099752	0.05769590297068937	0.02556716	0.7523428399638337	0.7978608	0.14811718	35.05401
0.107811	-0.01099752	0.014230875453384095	0.02556716	0.898112388048272	0.7978608	0.011677654	NaN
0.107811	-0.01099752	0.04707351158540213	0.02556716	1.1160012234791927	0.7978608	0.004820512	NaN
0.107811	-0.01099752	0.17046722564490824	0.02556716	1.0503407259520496	0.7978608	0.004699634	NaN
0.107811	-0.01099752	0.24538729642168838	0.02556716	0.624146675250016	0.7978608	0.16420878	24.543493
0.107811	-0.01099752	0.030323444735511317	0.02556716	1.2923593515456413	0.7978608	0.0044761905	NaN
0.107811	-0.01099752	0.16077895286778937	0.02556716	0.7709647581970966	0.7978608	0.08424177	37.934155
0.107811	-0.01099752	0.312781207670742	0.02556716	0.7754603102125512	0.7978608	0.03335166	NaN
0.107811	-0.01099752	0.05938820249430288	0.02556716	1.2004691374596719	0.7978608	0.004336997	NaN
0.107811	-0.01099752	0.3058025546535427	0.02556716	1.1514925144903674	0.7978608	0.0043479856	NaN
0.107811	-0.01099752	0.13669610565904944	0.02556716	0.6999845295284236	0.7978608	0.1599011	28.938423
0.107811	-0.01099752	0.11560749696682875	0.02556716	0.9830855292142179	0.7978608	0.005417581	NaN
0.107811	-0.01099752	0.17934941759905657	0.02556716	1.0992388634170351	0.7978608	0.004626373	NaN
0.107811	-0.01099752	0.09455217306893955	0.02556716	0.8720444185666496	0.7978608	0.013794869	NaN
0.107811	-0.01099752	0.26326524155567455	0.02556716	0.5061909554393349	0.7978608	0.17073996	23.24949
0.107811	-0.01099752	0.2633258493357423	0.02556716	0.7773413009520015	0.7978608	0.03208058	NaN
0.107811	-0.01099752	0.12164118654757428	0.02556716	0.543851746362754	0.7978608	0.1692161	26.608067
0.107811	-0.01099752	0.05629409244163747	0.02556716	0.9782804994638532	0.7978608	0.0052124537	NaN
0.107811	-0.01099752	0.17106195375867697	0.02556716	0.7652640531903991	0.7978608	0.12684613	32.016136
0.107811	-0.01099752	0.06425119249358884	0.02556716	1.0961980583071296	0.7978608	0.0044505494	NaN
0.107811	-0.01099752	0.31515214656653434	0.02556716	0.4367234595414965	0.7978608	0.1698975	22.758312
0.107811	-0.01099752	0.08792222969598915	0.02556716	0.9712721116655412	0.7978608	0.006003664	NaN
0.107811	-0.01099752	0.15965611537485588	0.02556716	0.7805219558118471	0.7978608	0.05420881	NaN
0.107811	-0.01099752	0.1896822327644894	0.02556716	0.764885535426444	0.7978608	0.06368494	36.12175
0.107811	-0.01099752	0.1755925453201396	0.02556716	0.5542023375193603	0.7978608	0.17052376	25.055542
0.107811	-0.01099752	0.11347049531358154	0.02556716	1.1306233234707266	0.7978608	0.004362637	NaN
0.107811	-0.01099752	0.17692043767673551	0.02556716	0.840933289432677	0.7978608	0.018058602	NaN
0.107811	-0.01099752	0.24879469291760486	0.02556716	1.1417527797670828	0.7978608	0.004402931	NaN
0.107811	-0.01099752	0.24554112740744402	0.02556716	1.2563213787083005	0.7978608	0.0046080584	NaN
0.107811	-0.01099752	0.29784662969383946	0.02556716	1.1610181366612378	0.7978608	0.004490843	NaN
0.107811	-0.01099752	0.2747532937360188	0.02556716	0.6362363871537209	0.7978608	0.163055	24.709076
0.107811	-0.01099752	0.24142486836450874	0.02556716	0.5094450648927881	0.7978608	0.17169228	23.613573
0.107811	-0.01099752	0.029563879870784716	0.02556716	0.4803411602381223	0.7978608	0.17548725	34.159153
0.107811	-0.01099752	0.2841357376061475	0.02556716	0.8230624982187503	0.7978608	0.02016484	NaN
0.107811	-0.01099752	0.019382196514027568	0.02556716	0.4032444410946296	0.7978608	0.17837371	35.88924
0.107811	-0.01099752	0.02198613538882712	0.02556716	0.910442456536293	0.7978608	0.009754579	NaN
0.107811	-0.01099752	0.05037651548794968	0.02556716	0.9702584939534924	0.7978608	0.0063736257	NaN
0.107811	-0.01099752	0.1889487301671464	0.02556716	0.572252021560263	0.7978608	0.1692454	25.099928
0.107811	-0.01099752	0.22148017175993995	0.02556716	0.5891834482787899	0.7978608	0.16537732	24.922663
0.107811	-0.01099752	0.15886455558966334	0.02556716	0.7755773195728607	0.7978608	0.052183144	NaN
0.107811	-0.01099752	0.21411124109190927	0.02556716	0.689208789428462	0.7978608	0.15636635	26.400938
0.107811	-0.01099752	0.05031418010290016	0.02556716	0.4594332679070339	0.7978608	0.17679125	30.867485
0.107811	-0.01099752	0.029848244421426095	0.02556716	0.6381836645449287	0.7978608	0.17044316	35.472786
0.107811	-0.01099752	0.3103765441328206	0.02556716	1.094386816304553	0.7978608	0.0040842486	NaN
0.107811	-0.01099752	0.10535447374090363	0.02556716	1.107108401157182	0.7978608	0.0046739923	NaN
0.107811	-0.01099752	0.30967805213620714	0.02556716	1.2845481389633093	0.7978608	0.004395605	NaN
0.107811	-0.01099752	0.24652538549800548	0.02556716	0.4910244812354889	0.7978608	0.16968863	23.696384
0.107811	-0.01099752	0.18365352548440436	0.02556716	0.7712859890527277	0.7978608	0.10864832	32.49929
0.107811	-0.01099752	0.18100210438932843	0.02556716	1.2606533542989051	0.7978608	0.0044835163	NaN
0.107811	-0.01099752	0.17542056640923287	0.02556716	1.2072183303971853	0.7978608	0.004413918	NaN
0.107811	-0.01099752	0.24937966336189304	0.02556716	1.2725902155868922	0.7978608	0.0043260064	NaN
0.107811	-0.01099752	0.2679122057416259	0.02556716	1.1121642405132333	0.7978608	0.0043260073	NaN
0.107811	-0.01099752	0.15604009213301406	0.02556716	0.8011773797391359	0.7978608	0.041395593	NaN
0.107811	-0.01099752	0.2722246226035088	0.02556716	0.5283604352372515	0.7978608	0.16673255	23.66587
0.107811	-0.01099752	0.1445958712845579	0.02556716	0.9528828769607945	0.7978608	0.007630038	NaN
0.107811	-0.01099752	0.2216678194136164	0.02556716	1.0533492744017947	0.7978608	0.004637363	NaN
0.107811	-0.01099752	0.12546150032821668	0.02556716	0.5858041086935515	0.7978608	0.16742852	27.150846
0.107811	-0.01099752	0.15436234520215972	0.02556716	0.9602822393405188	0.7978608	0.0060549453	NaN
0.107811	-0.01099752	0.2753481546868251	0.02556716	1.1962203967343665	0.7978608	0.0039743586	NaN
0.107811	-0.01099752	0.20962125444690707	0.02556716	0.7821725393218613	0.7978608	0.053695977	NaN
0.107811	-0.01099752	0.2566952460090408	0.02556716	0.614635155501678	0.7978608	0.16484247	24.618065
0.107811	-0.01099752	0.2983608978072038	0.02556716	0.6226074653299287	0.7978608	0.16091937	23.989824
0.107811	-0.01099752	0.07569261694252315	0.02556716	0.5261480923177462	0.7978608	0.1728388	28.936453
0.107811	-0.01099752	0.16347230221177433	0.02556716	0.4108917004451	0.7978608	0.17508061	24.673494
0.107811	-0.01099752	0.1623445536518078	0.02556716	0.8551378461737809	0.7978608	0.017054949	NaN
0.107811	-0.01099752	0.2234897611350175	0.02556716	0.9212728125093709	0.7978608	0.008523812	NaN
0.107811	-0.01099752	0.1700998745907596	0.02556716	0.579387672150584	0.7978608	0.16611359	25.946135
0.107811	-0.01099752	0.2745495248513642	0.02556716	0.7945077061926522	0.7978608	0.025615381	NaN
0.107811	-0.01099752	0.05695310951899141	0.02556716	0.624810345593798	0.7978608	0.16901834	31.531343
0.107811	-0.01099752	0.061868583867484464	0.02556716	1.2988885933059793	0.7978608	0.0048937723	NaN
0.107811	-0.01099752	0.07428229344957504	0.02556716	1.0354254594826597	0.7978608	0.0045311353	NaN
0.107811	-0.01099752	0.29199256620285813	0.02556716	0.9584857723924604	0.7978608	0.0060659335	NaN
0.107811	-0.01099752	0.06736219649462417	0.02556716	0.6960668619600734	0.7978608	0.16193774	32.408802
0.107811	-0.01099752	0.1319430442743411	0.02556716	1.227223138995687	0.7978608	0.0046776566	NaN
0.107811	-0.01099752	0.13797056939428018	0.02556716	1.2726629396756177	0.7978608	0.004362637	NaN
0.107811	-0.01099752	0.16982344654211198	0.02556716	0.6041392721190812	0.7978608	0.16531505	25.902746
0.107811	-0.01099752	0.25910917146556944	0.02556716	0.5809043561186698	0.7978608	0.16750544	24.224634
0.107811	-0.01099752	0.17942824317698156	0.02556716	0.5795354711625187	0.7978608	0.1671392	25.32965
0.107811	-0.01099752	0.23820519668596773	0.02556716	0.4053125793529945	0.7978608	0.17204767	23.382107
0.107811	-0.01099752	0.09537497849764076	0.02556716	0.7804644873988494	0.7978608	0.103128195	39.669456
0.107811	-0.01099752	0.04209248996846271	0.02556716	1.1272521364858923	0.7978608	0.0046739937	NaN
0.107811	-0.01099752	0.026274595534230893	0.02556716	0.7677883525615308	0.7978608	0.13913922	38.023952
0.107811	-0.01099752	0.041027590148185994	0.02556716	0.43882322425046166	0.7978608	0.1769963	31.65217
0.107811	-0.01099752	0.14875093780586798	0.02556716	0.6314886805167974	0.7978608	0.16663368	27.125242
0.107811	-0.01099752	0.28250775636268954	0.02556716	0.752902256640422	0.7978608	0.05755313	NaN
0.107811	-0.01099752	0.0806289981840619	0.02556716	0.9959822107287957	0.7978608	0.004655677	NaN
0.107811	-0.01099752	0.22112224230032396	0.02556716	0.9845015483493048	0.7978608	0.00469597	NaN
0.107811	-0.01099752	0.2252696784039939	0.02556716	1.2117963136148036	0.7978608	0.0044358964	NaN
0.107811	-0.01099752	0.20911553817129794	0.02556716	0.4987329837228962	0.7978608	0.17216487	24.30595
0.107811	-0.01099752	0.2372194341861181	0.02556716	0.7370429080866171	0.7978608	0.13200733	29.088781
0.107811	-0.01099752	0.12973602529424824	0.02556716	0.8298105694740991	0.7978608	0.028318679	NaN
0.107811	-0.01099752	0.31765502325385286	0.02556716	0.9661566523068698	0.7978608	0.0066849813	NaN
0.107811	-0.01099752	0.23929623424295418	0.02556716	1.177312257830418	0.7978608	0.0041575083	NaN
0.107811	-0.01099752	0.05554901180595574	0.02556716	0.48913582016422996	0.7978608	0.17523809	30.429768
0.107811	-0.01099752	0.016341507113867018	0.02556716	0.7729702008305248	0.7978608	0.1393553	39.04069
0.107811	-0.01099752	0.10790733634295469	0.02556716	0.7520237567529482	0.7978608	0.13933332	32.462276
0.107811	-0.01099752	0.21346915132668093	0.02556716	0.9124870716143165	0.7978608	0.011450549	NaN
0.107811	-0.01099752	0.12152469605118502	0.02556716	0.44199486421995376	0.7978608	0.17578757	26.021036
0.107811	-0.01099752	0.08324369441884243	0.02556716	0.5237269736903717	0.7978608	0.1699744	28.396402
0.107811	-0.01099752	0.2592805913062395	0.02556716	0.7054637632018692	0.7978608	0.15528929	26.863588
0.107811	-0.01099752	0.034739458205548426	0.02556716	0.6769545839240078	0.7978608	0.16468492	35.40722
0.107811	-0.01099752	0.2930992697918804	0.02556716	0.5859828882662829	0.7978608	0.16336994	24.139912
0.107811	-0.01099752	0.04418380085712374	0.02556716	1.064646821717977	0.7978608	0.0044761915	NaN
0.107811	-0.01099752	0.2297067990784533	0.02556716	0.861321483700634	0.7978608	0.014282046	NaN
0.107811	-0.01099752	0.3066225605883163	0.02556716	0.874364379916738	0.7978608	0.011575092	NaN
0.107811	-0.01099752	0.08742972996882624	0.02556716	0.517250956439249	0.7978608	0.1745604	28.10807
0.107811	-0.01099752	0.1820550372776835	0.02556716	1.1431343873931974	0.7978608	0.004871796	NaN
0.107811	-0.01099752	0.043149889257604684	0.02556716	1.14131986068818	0.7978608	0.004501832	NaN
0.107811	-0.01099752	0.026507622868908516	0.02556716	0.7046115167241062	0.7978608	0.16057873	36.923378
0.107811	-0.01099752	0.12125736250147864	0.02556716	1.094491410243534	0.7978608	0.004747254	NaN
0.107811	-0.01099752	0.08415496165958612	0.02556716	0.6657538063253949	0.7978608	0.16574721	30.264654
0.107811	-0.01099752	0.07567652835247952	0.02556716	1.1440607251891868	0.7978608	0.0047032977	NaN
0.107811	-0.01099752	0.09019809564642554	0.02556716	1.2627463933354044	0.7978608	0.004655678	NaN
0.107811	-0.01099752	0.2286324859616376	0.02556716	1.1508411899958904	0.7978608	0.004864469	NaN
0.107811	-0.01099752	0.17868073682698735	0.02556716	1.042275782524519	0.7978608	0.0042271065	NaN
0.107811	-0.01099752	0.02338314453063968	0.02556716	0.40043165216675425	0.7978608	0.17788644	34.834007
0.107811	-0.01099752	0.031810668536063305	0.02556716	0.6973992796893886	0.7978608	0.16345787	36.02731
0.107811	-0.01099752	0.0486749230622832	0.02556716	1.0569789981132294	0.7978608	0.0044065933	NaN
0.107811	-0.01099752	0.26305166845668637	0.02556716	1.0197396262201026	0.7978608	0.004098901	NaN
0.107811	-0.01099752	0.1307037531764928	0.02556716	0.9056083996868363	0.7978608	0.010153846	NaN
0.107811	-0.01099752	0.2713188319715434	0.02556716	1.2011694783342777	0.7978608	0.0045347987	NaN
0.107811	-0.01099752	0.3069769153477361	0.02556716	1.2891615454086598	0.7978608	0.0047875457	NaN
0.107811	-0.01099752	0.3006761327125059	0.02556716	0.5485687967720619	0.7978608	0.16936629	23.258474
0.107811	-0.01099752	0.18853837363892892	0.02556716	1.114314310649127	0.7978608	0.0040512807	NaN
0.107811	-0.01099752	0.19932768803636117	0.02556716	1.0094435251619953	0.7978608	0.004435897	NaN
0.107811	-0.01099752	0.03249430139927216	0.02556716	0.91213613679379	0.7978608	0.010556778	NaN
0.107811	-0.01099752	0.2762306723365007	0.02556716	0.662332543282413	0.7978608	0.15915748	25.358402
0.107811	-0.01099752	0.14528056995730088	0.02556716	1.1144021879931238	0.7978608	0.004575092	NaN
0.107811	-0.01099752	0.242774650988167	0.02556716	0.8206407626547354	0.7978608	0.031227108	NaN
0.107811	-0.01099752	0.013485830649929932	0.02556716	1.1164037312059478	0.7978608	0.0047069592	NaN
0.107811	-0.01099752	0.2574770462356365	0.02556716	0.436348045530073	0.7978608	0.17290117	23.14617
0.107811	-0.01099752	0.13384589455250304	0.02556716	1.2793136284787001	0.7978608	0.0044395598	NaN
0.107811	-0.01099752	0.22898295219342166	0.02556716	1.0278669216276635	0.7978608	0.0043296698	NaN
0.107811	-0.01099752	0.2417172992005476	0.02556716	0.8158933521847189	0.7978608	0.019424912	NaN
0.107811	-0.01099752	0.05316839037473596	0.02556716	0.5831823972112982	0.7978608	0.16840288	31.225851
0.107811	-0.01099752	0.24083139273595774	0.02556716	0.8013430479604106	0.7978608	0.025542125	NaN
0.107811	-0.01099752	0.20392231545680747	0.02556716	1.2710982395534147	0.7978608	0.0044505484	NaN
0.107811	-0.01099752	0.27229315922383096	0.02556716	0.9223657407571978	0.7978608	0.008802197	NaN
0.107811	-0.01099752	0.07380280489159853	0.02556716	0.5189622762749809	0.7978608	0.17382048	28.806152
0.107811	-0.01099752	0.11456996753020032	0.02556716	0.9008746886072871	0.7978608	0.009930404	NaN
0.107811	-0.01099752	0.15069527417011483	0.02556716	1.1944900157602363	0.7978608	0.0042087906	NaN
0.107811	-0.01099752	0.18753429062703783	0.02556716	1.089090979667323	0.7978608	0.0053956048	NaN
0.107811	-0.01099752	0.18529192752363874	0.02556716	0.7539192780429179	0.7978608	0.13178755	30.991817
0.107811	-0.01099752	0.11440690113306431	0.02556716	1.2096437209612583	0.7978608	0.004076923	NaN
0.107811	-0.01099752	0.023868666643955656	0.02556716	0.604793566289189	0.7978608	0.17078012	36.11204
0.107811	-0.01099752	0.23559771592507767	0.02556716	0.49030671008650034	0.7978608	0.17065573	23.696993
0.107811	-0.01099752	0.15014302369952168	0.02556716	0.6545954368703868	0.7978608	0.16441755	27.026758
0.107811	-0.01099752	0.27519240315415905	0.02556716	1.0092961112598529	0.7978608	0.004747253	NaN
0.107811	-0.01099752	0.06261721066815348	0.02556716	1.1289918860390968	0.7978608	0.0047399257	NaN
0.107811	-0.01099752	0.04338386775768094	0.02556716	0.660287776185515	0.7978608	0.1673736	33.33055
0.107811	-0.01099752	0.12824125643209064	0.02556716	1.1357676900266347	0.7978608	0.004479854	NaN
0.107811	-0.01099752	0.16551460676354204	0.02556716	0.7094044595794868	0.7978608	0.15792309	27.963741
0.107811	-0.01099752	0.1988150913856134	0.02556716	0.6810313684258664	0.7978608	0.16041765	26.397806
0.107811	-0.01099752	0.2146619284816286	0.02556716	1.3002152302715198	0.7978608	0.0045457873	NaN
0.107811	-0.01099752	0.09159560889008507	0.02556716	0.9522949768352676	0.7978608	0.007384616	NaN
0.107811	-0.01099752	0.0422585352878939	0.02556716	1.0149283455174416	0.7978608	0.0047289385	NaN
0.107811	-0.01099752	0.2050612430185854	0.02556716	0.7396365574695102	0.7978608	0.1450806	29.02299
0.107811	-0.01099752	0.026151239878953146	0.02556716	1.3079620917030403	0.7978608	0.004714285	NaN
0.107811	-0.01099752	0.1420836298767232	0.02556716	1.1987576005138876	0.7978608	0.0047362642	NaN
0.107811	-0.01099752	0.11067267634393681	0.02556716	1.1352349385875988	0.7978608	0.0045970706	NaN
0.107811	-0.01099752	0.1633283154958358	0.02556716	0.7613562657469513	0.7978608	0.1420074	31.224121
0.107811	-0.01099752	0.30183208646226267	0.02556716	0.9887944608245707	0.7978608	0.005318682	NaN
0.107811	-0.01099752	0.1278261047137781	0.02556716	0.7191340214971167	0.7978608	0.15705125	29.660114
0.107811	-0.01099752	0.2803690518661771	0.02556716	1.2889224541995197	0.7978608	0.004300366	NaN
0.107811	-0.01099752	0.2997373222133471	0.02556716	1.108049194194429	0.7978608	0.004402929	NaN
0.107811	-0.01099752	0.13216753472439338	0.02556716	0.716377062099811	0.7978608	0.15953843	29.049616
0.107811	-0.01099752	0.08849431466744268	0.02556716	1.1660485212489466	0.7978608	0.004684982	NaN
0.107811	-0.01099752	0.13174356871209883	0.02556716	1.2160132913776338	0.7978608	0.0047106226	NaN
0.107811	-0.01099752	0.22488042605496666	0.02556716	1.2079490271193025	0.7978608	0.0043553123	NaN
0.107811	-0.01099752	0.03545795206434414	0.02556716	0.7244830334814596	0.7978608	0.15698168	36.497856
0.107811	-0.01099752	0.07809191729187541	0.02556716	1.1983183748785438	0.7978608	0.0045714285	NaN
0.107811	-0.01099752	0.10704545896495718	0.02556716	0.4108330804791437	0.7978608	0.17615385	26.612228
0.107811	-0.01099752	0.14214224851288174	0.02556716	1.0163780258462811	0.7978608	0.0046007326	NaN
0.107811	-0.01099752	0.07509910824363637	0.02556716	0.5123131425412433	0.7978608	0.17426373	28.833128
0.107811	-0.01099752	0.13096000373494435	0.02556716	0.8517029746725235	0.7978608	0.020018306	NaN
0.107811	-0.01099752	0.12363414221068401	0.02556716	0.509543898085711	0.7978608	0.1731172	26.694174
0.107811	-0.01099752	0.2406720838422424	0.02556716	1.2176503922429984	0.7978608	0.0040659336	NaN
0.107811	-0.01099752	0.1780874899406971	0.02556716	1.1666030032388277	0.7978608	0.0039633694	NaN
0.107811	-0.01099752	0.2957446177886757	0.02556716	0.6213947449727096	0.7978608	0.16326009	24.502924
0.107811	-0.01099752	0.1406006254885674	0.02556716	1.314361702575583	0.7978608	0.0045641023	NaN
0.107811	-0.01099752	0.07090358309513889	0.02556716	0.5936859833828987	0.7978608	0.17067403	30.25015
0.107811	-0.01099752	0.19028092442176323	0.02556716	1.2791698127828086	0.7978608	0.004509158	NaN
0.107811	-0.01099752	0.12687811779295832	0.02556716	1.1417204652643345	0.7978608	0.004868132	NaN
0.107811	-0.01099752	0.2524891577546429	0.02556716	0.5289747444441419	0.7978608	0.16931508	23.92261
0.107811	-0.01099752	0.0827952871774405	0.02556716	1.15030892657985	0.7978608	0.00478022	NaN
0.107811	-0.01099752	0.032772172517035916	0.02556716	1.2399209393031563	0.7978608	0.004615385	NaN
0.107811	-0.01099752	0.1577971590832312	0.02556716	1.3147315713815007	0.7978608	0.004608059	NaN
0.107811	-0.01099752	0.10106128366632387	0.02556716	1.082184275401729	0.7978608	0.0048315027	NaN
0.107811	-0.01099752	0.2437026398516087	0.02556716	0.6047283012483153	0.7978608	0.16563001	24.458878
0.107811	-0.01099752	0.09436712995686984	0.02556716	0.6160170819031919	0.7978608	0.16955313	28.517332
0.107811	-0.01099752	0.3110356216392601	0.02556716	1.2322259043058423	0.7978608	0.004520146	NaN
0.107811	-0.01099752	0.22489450694769514	0.02556716	0.7656059912828435	0.7978608	0.057710625	NaN
0.107811	-0.01099752	0.20971697603496342	0.02556716	0.7290516663012987	0.7978608	0.1199744	29.304564
0.107811	-0.01099752	0.236684954220439	0.02556716	1.101843563288271	0.7978608	0.004362637	NaN
0.107811	-0.01099752	0.06307715353395203	0.02556716	0.8567732606688642	0.7978608	0.020798536	NaN
0.107811	-0.01099752	0.09170129219415851	0.02556716	0.6566891192445665	0.7978608	0.16339555	29.668032
0.107811	-0.01099752	0.09597355909667125	0.02556716	0.5946321101142843	0.7978608	0.1691429	28.42824
0.107811	-0.01099752	0.14635531721634013	0.02556716	1.1277036376097376	0.7978608	0.0046117217	NaN
0.107811	-0.01099752	0.05934049357463696	0.02556716	1.2653608481414529	0.7978608	0.0046337	NaN
0.107811	-0.01099752	0.17339537664053067	0.02556716	1.0849333062988151	0.7978608	0.004457875	NaN
0.107811	-0.01099752	0.050421405795354396	0.02556716	0.916731200644713	0.7978608	0.0095970705	NaN
0.107811	-0.01099752	0.17538410322612275	0.02556716	0.5798465410059744	0.7978608	0.17156415	25.679754
0.107811	-0.01099752	0.05798025512850838	0.02556716	0.7984521608915247	0.7978608	0.06637363	NaN
0.107811	-0.01099752	0.20930760050047767	0.02556716	0.9542414901784722	0.7978608	0.0063186805	NaN
0.107811	-0.01099752	0.2760406523097862	0.02556716	0.9392895096281288	0.7978608	0.0076336996	NaN
0.107811	-0.01099752	0.05228479572262844	0.02556716	1.260669822335431	0.7978608	0.0044175833	NaN
0.107811	-0.01099752	0.08468390490352246	0.02556716	0.7223294224447776	0.7978608	0.15712456	31.960852
0.107811	-0.01099752	0.25302413853799666	0.02556716	0.8553772012529557	0.7978608	0.017776556	NaN
0.107811	-0.01099752	0.16473249291279457	0.02556716	0.7461482221481011	0.7978608	0.14575094	30.17306
0.107811	-0.01099752	0.26274642464461107	0.02556716	0.8833903762310331	0.7978608	0.011692311	NaN
0.107811	-0.01099752	0.13588004374047977	0.02556716	1.270669108022429	0.7978608	0.0042014653	NaN
0.107811	-0.01099752	0.16519778477125005	0.02556716	0.5324087258667092	0.7978608	0.17100728	25.165962
0.107811	-0.01099752	0.17570790626164626	0.02556716	0.9972102548744856	0.7978608	0.004626374	NaN
0.107811	-0.01099752	0.27130852001806793	0.02556716	0.6605547402267022	0.7978608	0.15954943	25.509375
0.107811	-0.01099752	0.2664823072377501	0.02556716	1.2959995326204243	0.7978608	0.0043956046	NaN
0.107811	-0.01099752	0.019213602590592946	0.02556716	0.7776571314349463	0.7978608	0.1060952	39.53236
0.107811	-0.01099752	0.07554378946229268	0.02556716	0.5808927543454083	0.7978608	0.17168865	29.435535
0.107811	-0.01099752	0.0648327822410782	0.02556716	0.8679219443778287	0.7978608	0.0147509165	NaN
0.107811	-0.01099752	0.22235399554291382	0.02556716	1.219013869514973	0.7978608	0.004710622	NaN
0.107811	-0.01099752	0.293186321556096	0.02556716	0.7781042994664717	0.7978608	0.038172163	NaN
0.107811	-0.01099752	0.07803788981671601	0.02556716	1.167087895480455	0.7978608	0.004355312	NaN
0.107811	-0.01099752	0.2596174670730607	0.02556716	1.2295732319671597	0.7978608	0.004212454	NaN
0.107811	-0.01099752	0.3007069660826177	0.02556716	0.9299210549888935	0.7978608	0.0077069593	NaN
0.107811	-0.01099752	0.18657922733463175	0.02556716	0.5287042373701111	0.7978608	0.17217214	24.822912
0.107811	-0.01099752	0.18305001137446797	0.02556716	1.248108470473405	0.7978608	0.0045128213	NaN
0.107811	-0.01099752	0.06613662526637724	0.02556716	1.1641005050181878	0.7978608	0.004571428	NaN
0.107811	-0.01099752	0.30495790084346946	0.02556716	1.0522094333892356	0.7978608	0.0050549437	NaN
0.107811	-0.01099752	0.12172956933424814	0.02556716	0.7127750994182279	0.7978608	0.1602931	29.534153
0.107811	-0.01099752	0.12386923379102605	0.02556716	1.0468254463458615	0.7978608	0.0045714276	NaN
0.107811	-0.01099752	0.1273818062739365	0.02556716	0.6701468436775042	0.7978608	0.165337	28.357307
0.107811	-0.01099752	0.26509583412574933	0.02556716	0.6002269509216438	0.7978608	0.16309156	24.48349
0.107811	-0.01099752	0.1934057983176697	0.02556716	0.9425138761572734	0.7978608	0.0075238105	NaN
0.107811	-0.01099752	0.26835100466421935	0.02556716	0.4204008401352629	0.7978608	0.17281316	23.117102
0.107811	-0.01099752	0.1972295409066907	0.02556716	1.02281450480698	0.7978608	0.004472527	NaN
0.107811	-0.01099752	0.2488164728896992	0.02556716	0.8181735986887471	0.7978608	0.02326374	NaN
0.107811	-0.01099752	0.16794916513216224	0.02556716	1.1548025899756842	0.7978608	0.004457876	NaN
0.107811	-0.01099752	0.22566431348635216	0.02556716	0.5801269289281362	0.7978608	0.16409153	24.621376
0.107811	-0.01099752	0.051009382753550436	0.02556716	1.0094024372806514	0.7978608	0.004985348	NaN
0.107811	-0.01099752	0.02917207992246237	0.02556716	0.427656471210972	0.7978608	0.17796697	33.75312
0.107811	-0.01099752	0.28775435005744676	0.02556716	1.087389035100773	0.7978608	0.004285715	NaN
0.107811	-0.01099752	0.24412761521892196	0.02556716	0.4781756480722996	0.7978608	0.1720843	23.631762
0.107811	-0.01099752	0.16986030298680638	0.02556716	1.1891278182045015	0.7978608	0.0044285706	NaN
0.107811	-0.01099752	0.06258392662526743	0.02556716	0.7938043840963369	0.7978608	0.060875483	NaN
0.107811	-0.01099752	0.0725476470732539	0.02556716	1.2533896155312667	0.7978608	0.0043956055	NaN
0.107811	-0.01099752	0.16413314073642554	0.02556716	0.97713879987037	0.7978608	0.005003663	NaN
0.107811	-0.01099752	0.040204975073161994	0.02556716	0.4284495213137582	0.7978608	0.17852011	31.966455
0.107811	-0.01099752	0.10855292438425343	0.02556716	1.1872811055310333	0.7978608	0.0048168493	NaN
0.107811	-0.01099752	0.030916751529000315	0.02556716	0.7982712949212946	0.7978608	0.03303662	NaN
0.107811	-0.01099752	0.24708446493696365	0.02556716	0.7670563135294836	0.7978608	0.082769215	NaN
0.107811	-0.01099752	0.24331011439233638	0.02556716	0.41016431965102046	0.7978608	0.17427471	23.302639
0.107811	-0.01099752	0.15604232563082346	0.02556716	1.274972806327837	0.7978608	0.004534798	NaN
0.107811	-0.01099752	0.262424137550255	0.02556716	0.7070712361783242	0.7978608	0.15360074	26.281586
0.107811	-0.01099752	0.020544172044685786	0.02556716	1.2774768807844663	0.7978608	0.005065934	NaN
0.107811	-0.01099752	0.21274124801866456	0.02556716	0.9906727916127763	0.7978608	0.0051465207	NaN
0.107811	-0.01099752	0.14077876000637055	0.02556716	0.6572376631780672	0.7978608	0.16446517	27.432817
0.107811	-0.01099752	0.09920402125786158	0.02556716	0.8599050931720742	0.7978608	0.016897434	NaN
0.107811	-0.01099752	0.22507024054000288	0.02556716	0.41758434167691943	0.7978608	0.17287184	23.621393
0.107811	-0.01099752	0.1283420956174946	0.02556716	0.7263641746346841	0.7978608	0.15578385	30.082575
0.107811	-0.01099752	0.21314041294323413	0.02556716	1.107649449321933	0.7978608	0.004545788	NaN
0.107811	-0.01099752	0.26000389790066586	0.02556716	0.7807435428912839	0.7978608	0.035619058	NaN
0.107811	-0.01099752	0.180168235604392	0.02556716	1.1143357985106377	0.7978608	0.004095238	NaN
0.107811	-0.01099752	0.2007440934193873	0.02556716	0.5929509471697653	0.7978608	0.16684619	25.31161
0.107811	-0.01099752	0.028718968784310843	0.02556716	0.8740492220349384	0.7978608	0.014432233	NaN
0.107811	-0.01099752	0.19726088822530663	0.02556716	1.2999094688265966	0.7978608	0.0043443227	NaN
0.107811	-0.01099752	0.08925115202265846	0.02556716	1.168505870403139	0.7978608	0.005417583	NaN
0.107811	-0.01099752	0.1573366445024661	0.02556716	0.887793708477937	0.7978608	0.01174725	NaN
0.107811	-0.01099752	0.19742130524624116	0.02556716	0.9281233484820186	0.7978608	0.007967033	NaN
0.107811	-0.01099752	0.21444621610611186	0.02556716	0.9076941270757025	0.7978608	0.011424908	NaN
0.107811	-0.01099752	0.1423013197251131	0.02556716	0.9572790633466408	0.7978608	0.0067435903	NaN
0.107811	-0.01099752	0.2879760615241509	0.02556716	0.8158907842700505	0.7978608	0.02528204	NaN
0.107811	-0.01099752	0.23460601375521056	0.02556716	1.0454779762299982	0.7978608	0.0043516476	NaN
0.107811	-0.01099752	0.2697139593380711	0.02556716	1.0052732438863092	0.7978608	0.0045641027	NaN
0.107811	-0.01099752	0.2784268860597982	0.02556716	0.5530963354829067	0.7978608	0.16491942	23.693705
0.107811	-0.01099752	0.2861993828540742	0.02556716	1.3082695350616964	0.7978608	0.003959707	NaN
0.107811	-0.01099752	0.2787122937249632	0.02556716	0.5536172204400528	0.7978608	0.16783883	23.861172
0.107811	-0.01099752	0.302852689036414	0.02556716	0.5171829750104139	0.7978608	0.16787547	23.270805
0.107811	-0.01099752	0.2654580208993158	0.02556716	1.2109313841240783	0.7978608	0.0043736263	NaN
0.107811	-0.01099752	0.14952618495699246	0.02556716	0.8332824153060414	0.7978608	0.027919415	NaN
0.107811	-0.01099752	0.1543222611278389	0.02556716	0.451818711968073	0.7978608	0.17524903	24.995825
0.107811	-0.01099752	0.2709189235959258	0.02556716	0.957642549345189	0.7978608	0.006728938	NaN
0.107811	-0.01099752	0.1360052470235145	0.02556716	0.6975789363387874	0.7978608	0.16092308	28.424013
0.107811	-0.01099752	0.13916860615571827	0.02556716	0.8171259622758289	0.7978608	0.030666672	NaN
0.107811	-0.01099752	0.13980913107730703	0.02556716	1.0819950762797386	0.7978608	0.0045714276	NaN
0.107811	-0.01099752	0.29513779670369134	0.02556716	1.037762544022502	0.7978608	0.0044688648	NaN
0.107811	-0.01099752	0.1783927854311438	0.02556716	0.6286468675207885	0.7978608	0.16310258	25.948269
0.107811	-0.01099752	0.23996269778724091	0.02556716	0.7935372385079639	0.7978608	0.032835167	NaN
0.107811	-0.01099752	0.22963902135232095	0.02556716	0.7769364494708891	0.7978608	0.04171063	NaN
0.107811	-0.01099752	0.17482545852275208	0.02556716	0.5287043429001821	0.7978608	0.17394501	24.960928
0.107811	-0.01099752	0.0631568291583414	0.02556716	1.0555483781406343	0.7978608	0.004315018	NaN
0.107811	-0.01099752	0.24943292471770612	0.02556716	1.276206903673735	0.7978608	0.004351648	NaN
0.107811	-0.01099752	0.2626384206321266	0.02556716	1.141866002422675	0.7978608	0.004564103	NaN
0.107811	-0.01099752	0.047115843718595285	0.02556716	1.1902307225099769	0.7978608	0.0046996335	NaN
0.107811	-0.01099752	0.1262916876636765	0.02556716	0.9272593447685916	0.7978608	0.008139193	NaN
0.107811	-0.01099752	0.17224893350797102	0.02556716	0.4418222922990675	0.7978608	0.17375092	24.680075
0.107811	-0.01099752	0.30577876634943413	0.02556716	0.982942431993046	0.7978608	0.0049377303	NaN
0.107811	-0.01099752	0.07204908215353885	0.02556716	1.066952271018494	0.7978608	0.0047362633	NaN
0.107811	-0.01099752	0.26134208117938884	0.02556716	1.2456037975798278	0.7978608	0.0043406594	NaN
0.107811	-0.01099752	0.06114597146008137	0.02556716	1.2400585258088461	0.7978608	0.005153846	NaN
0.107811	-0.01099752	0.14784169162429153	0.02556716	0.6062229481070056	0.7978608	0.16949815	26.600027
0.107811	-0.01099752	0.15725022465625474	0.02556716	0.7196504853787403	0.7978608	0.15547618	28.616507
0.107811	-0.01099752	0.20607849746741497	0.02556716	0.617186109960051	0.7978608	0.16435899	25.356726
0.107811	-0.01099752	0.05094372268590486	0.02556716	0.7871446006199343	0.7978608	0.07505129	NaN
0.107811	-0.01099752	0.19782158390802151	0.02556716	0.7960891030883945	0.7978608	0.048329663	NaN
0.107811	-0.01099752	0.20123913462746157	0.02556716	0.7082536185210009	0.7978608	0.1558974	27.706184
0.107811	-0.01099752	0.19280237468613612	0.02556716	0.6790517323965459	0.7978608	0.1575897	26.54048
0.107811	-0.01099752	0.18546733303552468	0.02556716	1.1539363333679085	0.7978608	0.0044871788	NaN
0.107811	-0.01099752	0.042945521891339294	0.02556716	1.2109202489363593	0.7978608	0.0046337	NaN
0.107811	-0.01099752	0.1875814247246744	0.02556716	1.0895924880531098	0.7978608	0.004659341	NaN
0.107811	-0.01099752	0.09031839774240541	0.02556716	0.5424987583876619	0.7978608	0.17259343	28.24178
0.107811	-0.01099752	0.019451383190982784	0.02556716	1.0101319302401883	0.7978608	0.004531135	NaN
0.107811	-0.01099752	0.17229390798584515	0.02556716	0.4088934719963566	0.7978608	0.17536631	24.266815
0.107811	-0.01099752	0.15018891900817313	0.02556716	1.0685359109820196	0.7978608	0.0049194135	NaN
0.107811	-0.01099752	0.13521220119978575	0.02556716	0.9456382472188601	0.7978608	0.007663003	NaN
0.107811	-0.01099752	0.19471415214184612	0.02556716	1.2676030583934965	0.7978608	0.0044761905	NaN
0.107811	-0.01099752	0.21559665609736445	0.02556716	0.8644734244364013	0.7978608	0.013644688	NaN
0.107811	-0.01099752	0.10653341725639505	0.02556716	0.8432317874933137	0.7978608	0.023593403	NaN
0.107811	-0.01099752	0.3100952367525598	0.02556716	0.47264238175620243	0.7978608	0.16741398	23.11928
0.107811	-0.01099752	0.3149833918689939	0.02556716	1.1702062168983387	0.7978608	0.004714287	NaN
0.107811	-0.01099752	0.2735640046630777	0.02556716	0.5301520630488974	0.7978608	0.16715011	23.737534
0.107811	-0.01099752	0.13199318538146793	0.02556716	0.569537214096905	0.7978608	0.17237367	26.482191
0.107811	-0.01099752	0.09025787327240925	0.02556716	0.39861376733242926	0.7978608	0.17626004	27.359587
0.107811	-0.01099752	0.058895725831969795	0.02556716	0.9873184462589245	0.7978608	0.005413919	NaN
0.107811	-0.01099752	0.06552387567945546	0.02556716	0.4712054442665633	0.7978608	0.17643227	29.542969
0.107811	-0.01099752	0.21336350536066792	0.02556716	0.7807325017865439	0.7978608	0.058157522	NaN
0.107811	-0.01099752	0.05080568515877683	0.02556716	0.9770895549680048	0.7978608	0.0055128215	NaN
0.107811	-0.01099752	0.14921285790806962	0.02556716	1.0716007529329197	0.7978608	0.0046923077	NaN
0.107811	-0.01099752	0.17706288387116764	0.02556716	0.487479102701334	0.7978608	0.17122342	24.830246
0.107811	-0.01099752	0.2076613468375762	0.02556716	0.5648236132289375	0.7978608	0.16750185	24.698225
0.107811	-0.01099752	0.17473406307771394	0.02556716	0.6793019456288423	0.7978608	0.15957507	27.19738
0.107811	-0.01099752	0.1785747750135104	0.02556716	1.0432423320509239	0.7978608	0.0049157506	NaN
0.107811	-0.01099752	0.2863537053352405	0.02556716	0.7731251863505997	0.7978608	0.045626387	NaN
0.107811	-0.01099752	0.30880978774147305	0.02556716	1.0490441651522993	0.7978608	0.0046483525	NaN
0.107811	-0.01099752	0.17678597750006086	0.02556716	0.9423800703296771	0.7978608	0.0070586074	NaN
0.107811	-0.01099752	0.15485666397694678	0.02556716	1.2561800163788375	0.7978608	0.004318681	NaN
0.107811	-0.01099752	0.028063148545954257	0.02556716	1.2684740094872202	0.7978608	0.0050842497	NaN
0.107811	-0.01099752	0.05467001138824944	0.02556716	0.8533128215167176	0.7978608	0.019923072	NaN
0.107811	-0.01099752	0.20049649975876577	0.02556716	0.8502637648474889	0.7978608	0.019659337	NaN
0.107811	-0.01099752	0.16696616007390758	0.02556716	0.6679972368378908	0.7978608	0.15997438	27.095282
0.107811	-0.01099752	0.27882886211878793	0.02556716	0.6873822952550046	0.7978608	0.15773624	25.761957
0.107811	-0.01099752	0.0997765461466995	0.02556716	0.7028059531139667	0.7978608	0.1600329	30.784748
0.107811	-0.01099752	0.016461326986028434	0.02556716	1.2902427717912524	0.7978608	0.0044652014	NaN
0.107811	-0.01099752	0.29391284095677184	0.02556716	1.0732509120511153	0.7978608	0.004318683	NaN
0.107811	-0.01099752	0.2781752923416416	0.02556716	1.105526847967792	0.7978608	0.004732602	NaN
0.107811	-0.01099752	0.04600889589654282	0.02556716	0.6478850502496329	0.7978608	0.16547619	32.991
0.107811	-0.01099752	0.1252893133715265	0.02556716	0.7135232140404689	0.7978608	0.15677284	29.511618
0.107811	-0.01099752	0.2040430038957952	0.02556716	1.263234062805409	0.7978608	0.004465201	NaN
0.107811	-0.01099752	0.14298853652051777	0.02556716	1.2709618829823564	0.7978608	0.0052857148	NaN
0.107811	-0.01099752	0.07350351571316438	0.02556716	1.1135801167661585	0.7978608	0.004509157	NaN
0.107811	-0.01099752	0.2937926199241829	0.02556716	0.6655134923248487	0.7978608	0.15865932	25.14671
0.107811	-0.01099752	0.10853918765918964	0.02556716	0.712471489916281	0.7978608	0.15798168	30.190369
0.107811	-0.01099752	0.060829121097731045	0.02556716	0.589990695057195	0.7978608	0.17050911	30.915949
0.107811	-0.01099752	0.12277166049848573	0.02556716	0.867417370989195	0.7978608	0.0148131875	NaN
0.107811	-0.01099752	0.3040716601146991	0.02556716	0.9188631319237117	0.7978608	0.0073333355	NaN
0.107811	-0.01099752	0.22241550656889833	0.02556716	0.4866198903661235	0.7978608	0.17186452	24.296692
0.107811	-0.01099752	0.06250265261224407	0.02556716	1.0813329247905656	0.7978608	0.004882784	NaN
0.107811	-0.01099752	0.24173558175602344	0.02556716	0.8324233556156051	0.7978608	0.014205128	NaN
0.107811	-0.01099752	0.12606738345857657	0.02556716	0.9977248997952617	0.7978608	0.0047472524	NaN
0.107811	-0.01099752	0.24419751046668317	0.02556716	1.2318986985843252	0.7978608	0.0044615385	NaN
0.107811	-0.01099752	0.06926145476649181	0.02556716	1.2481396755642367	0.7978608	0.0047765565	NaN
0.107811	-0.01099752	0.28306169313777046	0.02556716	0.8661354767730859	0.7978608	0.012699634	NaN
0.107811	-0.01099752	0.16464630352571422	0.02556716	1.2394127202213807	0.7978608	0.004644688	NaN
0.107811	-0.01099752	0.13610913103538885	0.02556716	1.0901565246329914	0.7978608	0.004608059	NaN
0.107811	-0.01099752	0.29228708726267744	0.02556716	0.8369266616046165	0.7978608	0.018681321	NaN
0.107811	-0.01099752	0.27184118223950515	0.02556716	0.7278197353402369	0.7978608	0.101974346	28.712618
0.107811	-0.01099752	0.16798812408518016	0.02556716	0.44175479547396557	0.7978608	0.17372896	24.902811
0.107811	-0.01099752	0.1990071261875851	0.02556716	1.203953561362448	0.7978608	0.0046007326	NaN
0.107811	-0.01099752	0.3036297075224203	0.02556716	0.7924285680733207	0.7978608	0.043622714	NaN
0.107811	-0.01099752	0.08772921003523224	0.02556716	1.0771264624280033	0.7978608	0.004688645	NaN
0.107811	-0.01099752	0.04782497214979459	0.02556716	1.1461901144447757	0.7978608	0.0047472534	NaN
0.107811	-0.01099752	0.04186670321725405	0.02556716	0.9974458565561458	0.7978608	0.005010988	NaN
0.107811	-0.01099752	0.0673809458887055	0.02556716	1.309863711135677	0.7978608	0.004875458	NaN
0.107811	-0.01099752	0.24032540909332223	0.02556716	0.5769517493437825	0.7978608	0.16787185	24.512989
0.107811	-0.01099752	0.12792642555121556	0.02556716	0.7828842178075	0.7978608	0.05521613	NaN
0.107811	-0.01099752	0.09775840306172824	0.02556716	0.5380004011108398	0.7978608	0.17009519	27.964874
0.107811	-0.01099752	0.17988059846030377	0.02556716	1.1156357989453263	0.7978608	0.0042234436	NaN
0.107811	-0.01099752	0.08824492905683182	0.02556716	1.0113162713803292	0.7978608	0.004589744	NaN
0.107811	-0.01099752	0.24860936431710037	0.02556716	1.3043790973015947	0.7978608	0.0045567765	NaN
0.107811	-0.01099752	0.24006349674841454	0.02556716	0.8867286649636277	0.7978608	0.012494503	NaN
0.107811	-0.01099752	0.17332074259197103	0.02556716	0.4188885214151335	0.7978608	0.17382783	24.476686
0.107811	-0.01099752	0.02089752002363557	0.02556716	0.4234478020953785	0.7978608	0.1758058	35.571648
0.107811	-0.01099752	0.2897232767734566	0.02556716	1.3027661431112032	0.7978608	0.0038205131	NaN
0.107811	-0.01099752	0.22124353763818635	0.02556716	0.9208434329343947	0.7978608	0.008249083	NaN
0.107811	-0.01099752	0.23581988123301273	0.02556716	1.0243904792947465	0.7978608	0.003967033	NaN
0.107811	-0.01099752	0.1306538726877207	0.02556716	0.4161658257531628	0.7978608	0.1744762	25.748684
0.107811	-0.01099752	0.1636928564794005	0.02556716	0.9415286568504345	0.7978608	0.007901102	NaN
0.107811	-0.01099752	0.3106813957320792	0.02556716	1.2761977879915882	0.7978608	0.004054945	NaN
0.107811	-0.01099752	0.15627427328800336	0.02556716	0.9993552245764904	0.7978608	0.005106228	NaN
0.107811	-0.01099752	0.21239794005550286	0.02556716	0.7336478225832335	0.7978608	0.14745414	28.2551
0.107811	-0.01099752	0.15904957736888142	0.02556716	0.6827715872875795	0.7978608	0.16031504	27.555714
0.107811	-0.01099752	0.27874496068945953	0.02556716	0.5797724877652429	0.7978608	0.16599995	24.076538
0.107811	-0.01099752	0.08250522706338233	0.02556716	0.7974352206350568	0.7978608	0.06267762	NaN
0.107811	-0.01099752	0.19330888010545144	0.02556716	1.2987170281831375	0.7978608	0.004252748	NaN
0.107811	-0.01099752	0.14476669511160067	0.02556716	0.7282237905231979	0.7978608	0.1527473	29.916058
0.107811	-0.01099752	0.14964727400252897	0.02556716	0.588429489152009	0.7978608	0.169707	26.067123
0.107811	-0.01099752	0.11213616132096874	0.02556716	1.2467656688746274	0.7978608	0.0049340655	NaN
0.107811	-0.01099752	0.17217163711310313	0.02556716	0.8923128679606211	0.7978608	0.010663004	NaN
0.107811	-0.01099752	0.197848018519128	0.02556716	0.9767539549661145	0.7978608	0.0058278395	NaN
0.107811	-0.01099752	0.10570021089742893	0.02556716	1.272033617462677	0.7978608	0.0046776556	NaN
0.107811	-0.01099752	0.0935914132806646	0.02556716	0.664748143996446	0.7978608	0.16556036	29.694214
0.107811	-0.01099752	0.24143552632991855	0.02556716	1.172439509116756	0.7978608	0.004300368	NaN
0.107811	-0.01099752	0.09410931495828267	0.02556716	0.6125319001590878	0.7978608	0.1685677	28.88278
0.107811	-0.01099752	0.06023040684116725	0.02556716	1.0800394390562402	0.7978608	0.004391943	NaN
0.107811	-0.01099752	0.17359912341355577	0.02556716	0.4280964330417044	0.7978608	0.17339182	24.365725
0.107811	-0.01099752	0.035873805559833924	0.02556716	1.0875903299430014	0.7978608	0.0042380947	NaN
0.107811	-0.01099752	0.0716919779040783	0.02556716	1.2582404886755199	0.7978608	0.00476923	NaN
0.107811	-0.01099752	0.1045244102331743	0.02556716	0.4153736939892607	0.7978608	0.17443217	26.83832
0.107811	-0.01099752	0.2574632920613853	0.02556716	1.011778126667387	0.7978608	0.0045018317	NaN
0.107811	-0.01099752	0.1689039231298631	0.02556716	0.9406400194557863	0.7978608	0.007545788	NaN
0.107811	-0.01099752	0.15433687704574225	0.02556716	0.4124779055435827	0.7978608	0.17553486	24.625805
0.107811	-0.01099752	0.052409781224744545	0.02556716	1.0600968096872778	0.7978608	0.0046227104	NaN
0.107811	-0.01099752	0.29468448987409174	0.02556716	1.0388906283321355	0.7978608	0.0040146513	NaN
0.107811	-0.01099752	0.14854351921908823	0.02556716	0.6991281450789355	0.7978608	0.1611942	28.208746
0.107811	-0.01099752	0.29104738085505144	0.02556716	0.6822223211554869	0.7978608	0.15883154	25.369225
0.107811	-0.01099752	0.05239322989404545	0.02556716	0.9538950679633605	0.7978608	0.006619047	NaN
0.107811	-0.01099752	0.014926792293486287	0.02556716	1.0952766055939307	0.7978608	0.0044065933	NaN
0.107811	-0.01099752	0.28593986776384733	0.02556716	1.2492300276377863	0.7978608	0.004131868	NaN
0.107811	-0.01099752	0.2811881649387173	0.02556716	0.8711798531887522	0.7978608	0.014619046	NaN
0.107811	-0.01099752	0.032229974728492955	0.02556716	0.482647929602	0.7978608	0.17623077	33.354626
0.107811	-0.01099752	0.1798212451387945	0.02556716	0.5200083545490776	0.7978608	0.17097433	24.752306
0.107811	-0.01099752	0.20060731969748438	0.02556716	0.9935920120018781	0.7978608	0.0044871788	NaN
0.107811	-0.01099752	0.059629989248415394	0.02556716	0.4028464224789112	0.7978608	0.17721248	29.434172
0.107811	-0.01099752	0.09875626249169364	0.02556716	0.8560990023844388	0.7978608	0.017904764	NaN
0.107811	-0.01099752	0.1528333198732609	0.02556716	0.4023902688989408	0.7978608	0.173619	24.91863
0.107811	-0.01099752	0.05911337373392604	0.02556716	0.6219910031100799	0.7978608	0.17045061	31.509995
0.107811	-0.01099752	0.07554113266229333	0.02556716	1.0429808667517269	0.7978608	0.005069597	NaN
0.107811	-0.01099752	0.1165917010617553	0.02556716	1.0913255653636065	0.7978608	0.004318682	NaN
0.107811	-0.01099752	0.12202756358512741	0.02556716	0.5375348268409762	0.7978608	0.17340289	26.649956
0.107811	-0.01099752	0.05665311038941945	0.02556716	0.650741776733333	0.7978608	0.16669229	32.073406
0.107811	-0.01099752	0.04577363383332403	0.02556716	1.1334935408619156	0.7978608	0.0044652014	NaN
0.107811	-0.01099752	0.1298108209979996	0.02556716	1.2663869393640466	0.7978608	0.004835165	NaN
0.107811	-0.01099752	0.17847327264105334	0.02556716	1.2757928451034455	0.7978608	0.004619048	NaN
0.107811	-0.01099752	0.1496608992457213	0.02556716	0.42814783583154353	0.7978608	0.17512828	25.21348
0.107811	-0.01099752	0.2508581789688208	0.02556716	0.7329790106057246	0.7978608	0.14799266	27.631844
0.107811	-0.01099752	0.3089230154004638	0.02556716	0.6569703186298752	0.7978608	0.15805498	24.876148
0.107811	-0.01099752	0.15071118365254488	0.02556716	1.2316094375762041	0.7978608	0.004567765	NaN
0.107811	-0.01099752	0.2891340586976269	0.02556716	1.1057957291966396	0.7978608	0.00485348	NaN
0.107811	-0.01099752	0.13760746518567832	0.02556716	0.4809058255950842	0.7978608	0.17269962	25.817907
0.107811	-0.01099752	0.09941983052680343	0.02556716	0.7157828641705473	0.7978608	0.15811722	30.303638
0.107811	-0.01099752	0.19647584033459328	0.02556716	0.40986510260889886	0.7978608	0.17739193	23.804533
0.107811	-0.01099752	0.25751212578151544	0.02556716	0.6146698463975941	0.7978608	0.16300005	24.541443
0.107811	-0.01099752	0.07836064592742757	0.02556716	1.1038484950492333	0.7978608	0.0048095235	NaN
0.107811	-0.01099752	0.30028514989533767	0.02556716	1.0484351768345452	0.7978608	0.0043553105	NaN
0.107811	-0.01099752	0.08857235014789196	0.02556716	1.092494988987758	0.7978608	0.004567765	NaN
0.107811	-0.01099752	0.12334037203537807	0.02556716	1.049764013056264	0.7978608	0.0049230764	NaN
0.107811	-0.01099752	0.28631461645266715	0.02556716	0.6120602794849298	0.7978608	0.16479123	24.4353
0.107811	-0.01099752	0.25609811041675556	0.02556716	0.6409334885980772	0.7978608	0.1590293	25.421392
0.107811	-0.01099752	0.10140751918109514	0.02556716	0.8940115700147337	0.7978608	0.011772893	NaN
0.107811	-0.01099752	0.26365048906491095	0.02556716	0.43458521950373175	0.7978608	0.16976917	23.45054
0.107811	-0.01099752	0.13749130765790052	0.02556716	1.1545838357121418	0.7978608	0.0047216117	NaN
0.107811	-0.01099752	0.16046697252015452	0.02556716	1.2149270700728103	0.7978608	0.004472528	NaN
0.107811	-0.01099752	0.05887678118690409	0.02556716	1.0866654703477576	0.7978608	0.0042161173	NaN
0.107811	-0.01099752	0.28626825014501023	0.02556716	0.7460700835823625	0.7978608	0.10331868	30.19182
0.107811	-0.01099752	0.3088805935815934	0.02556716	1.0047318113277885	0.7978608	0.004333333	NaN
0.107811	-0.01099752	0.19569152180738786	0.02556716	0.6349195453307006	0.7978608	0.16193049	25.739962
0.107811	-0.01099752	0.21466089327860394	0.02556716	1.1911079256524333	0.7978608	0.0045054946	NaN
0.107811	-0.01099752	0.23639425102431447	0.02556716	0.9577927544030054	0.7978608	0.0058754575	NaN
0.107811	-0.01099752	0.12664123781619327	0.02556716	0.6298629093258792	0.7978608	0.1665238	27.187372
0.107811	-0.01099752	0.2370493125525162	0.02556716	1.2470891089428657	0.7978608	0.005018315	NaN
0.107811	-0.01099752	0.06690155774939105	0.02556716	0.6379213827788284	0.7978608	0.16727479	31.093197
0.107811	-0.01099752	0.20854078411164942	0.02556716	1.0140262104335291	0.7978608	0.0044578766	NaN
0.107811	-0.01099752	0.026528713796055002	0.02556716	0.6126547820715136	0.7978608	0.16633335	35.712677
0.107811	-0.01099752	0.25669736475856647	0.02556716	0.41560757948983057	0.7978608	0.17406958	23.140057
0.107811	-0.01099752	0.15450691238771833	0.02556716	0.9904951626807482	0.7978608	0.004952381	NaN
0.107811	-0.01099752	0.06615209680540586	0.02556716	0.6419695934278875	0.7978608	0.16936263	30.743122
0.107811	-0.01099752	0.1442350626672058	0.02556716	0.6376277174241567	0.7978608	0.1662308	26.890062
0.107811	-0.01099752	0.1095282957233978	0.02556716	0.5310949380432738	0.7978608	0.17526007	26.992516
0.107811	-0.01099752	0.0317510925556846	0.02556716	0.612966286454318	0.7978608	0.16871424	35.01457
0.107811	-0.01099752	0.1302259496655143	0.02556716	1.0108269326945687	0.7978608	0.004498169	NaN
0.107811	-0.01099752	0.19757490801318722	0.02556716	0.7228816236466711	0.7978608	0.15304029	27.871136
0.107811	-0.01099752	0.21216956794961303	0.02556716	0.7072876185919598	0.7978608	0.15426375	27.53593
0.107811	-0.01099752	0.06790225018385132	0.02556716	0.5227592729013317	0.7978608	0.17205869	29.673645
0.107811	-0.01099752	0.10485047278243197	0.02556716	0.949303931683641	0.7978608	0.0070439554	NaN
0.107811	-0.01099752	0.08829665215145045	0.02556716	0.597661847399922	0.7978608	0.16964094	28.704803
0.107811	-0.01099752	0.11544614599919113	0.02556716	0.5544511199302821	0.7978608	0.17106593	26.992004
0.107811	-0.01099752	0.1156324215567703	0.02556716	0.9164530807617264	0.7978608	0.008369963	NaN
0.107811	-0.01099752	0.31210101553586983	0.02556716	0.7800192914173394	0.7978608	0.042113543	NaN
0.107811	-0.01099752	0.11611033960858098	0.02556716	0.701084855715284	0.7978608	0.16000739	29.525915
0.107811	-0.01099752	0.3042651826069711	0.02556716	0.7402288533711213	0.7978608	0.13050915	28.016285
0.107811	-0.01099752	0.09546018170535271	0.02556716	1.1405504797647976	0.7978608	0.0046483516	NaN
0.107811	-0.01099752	0.2105490860752604	0.02556716	0.43258605430999	0.7978608	0.17470329	23.917065
0.107811	-0.01099752	0.07980031906834184	0.02556716	1.1617130457226665	0.7978608	0.0048278393	NaN
0.107811	-0.01099752	0.0966514380464038	0.02556716	0.8866642168197452	0.7978608	0.014014653	NaN
0.107811	-0.01099752	0.2802141155034227	0.02556716	0.4997543899359572	0.7978608	0.17020506	23.599234
0.107811	-0.01099752	0.2576684050796889	0.02556716	0.7621956997429524	0.7978608	0.06757875	NaN
0.107811	-0.01099752	0.28660576433677787	0.02556716	0.856088716133472	0.7978608	0.015329672	NaN
0.107811	-0.01099752	0.18701888268283295	0.02556716	1.0905539295965447	0.7978608	0.0040476182	NaN
0.107811	-0.01099752	0.05742532303378123	0.02556716	1.197482743830844	0.7978608	0.004432235	NaN
0.107811	-0.01099752	0.10254974050816133	0.02556716	0.7034192317811081	0.7978608	0.16089004	30.187271
0.107811	-0.01099752	0.22778887448176102	0.02556716	0.7101698516973098	0.7978608	0.1522308	27.611513
0.107811	-0.01099752	0.10592354797239842	0.02556716	0.72976341643046	0.7978608	0.15775096	30.914324
0.107811	-0.01099752	0.1404445642570911	0.02556716	1.1606774217079714	0.7978608	0.004428571	NaN
0.107811	-0.01099752	0.23958520030454525	0.02556716	0.5632789462451019	0.7978608	0.16897804	24.090929
0.107811	-0.01099752	0.23523573394202257	0.02556716	0.9467867851018882	0.7978608	0.0066593406	NaN
0.107811	-0.01099752	0.21175870090585538	0.02556716	1.3017359771257637	0.7978608	0.0045201466	NaN
0.107811	-0.01099752	0.12520628105584466	0.02556716	0.5382527763744116	0.7978608	0.17335899	26.283606
0.107811	-0.01099752	0.2624444748320893	0.02556716	0.8697893532178291	0.7978608	0.01248718	NaN
0.107811	-0.01099752	0.19499086871289126	0.02556716	0.574725993879538	0.7978608	0.17120142	24.910244
0.107811	-0.01099752	0.16865617753427214	0.02556716	0.9888677871647868	0.7978608	0.00504762	NaN
0.107811	-0.01099752	0.1862050902939826	0.02556716	0.9028379314232605	0.7978608	0.009890109	NaN
0.107811	-0.01099752	0.08444965815234225	0.02556716	1.1120620622254735	0.7978608	0.004347984	NaN
0.107811	-0.01099752	0.17383815459588312	0.02556716	1.2175515451710173	0.7978608	0.004406593	NaN
0.107811	-0.01099752	0.31492821209670974	0.02556716	1.0101194141304868	0.7978608	0.0048644687	NaN
0.107811	-0.01099752	0.18480417912878072	0.02556716	1.2049871674825026	0.7978608	0.0049304035	NaN
0.107811	-0.01099752	0.16997630574514672	0.02556716	1.1013115072942563	0.7978608	0.0045750905	NaN
0.107811	-0.01099752	0.24595579285629277	0.02556716	1.0831563196697913	0.7978608	0.0040842495	NaN
0.107811	-0.01099752	0.1699755085234554	0.02556716	0.8948392005638591	0.7978608	0.011065932	NaN
0.107811	-0.01099752	0.24320638937992642	0.02556716	1.1856014191235362	0.7978608	0.0049450556	NaN
0.107811	-0.01099752	0.26200141930533977	0.02556716	0.5664553769561398	0.7978608	0.16279481	24.238842
0.107811	-0.01099752	0.24716646623964394	0.02556716	0.9123250991118408	0.7978608	0.008018315	NaN
0.107811	-0.01099752	0.025263575141206047	0.02556716	0.4428009611949925	0.7978608	0.17429674	34.39114
0.107811	-0.01099752	0.18579907915611485	0.02556716	1.1463011939419008	0.7978608	0.0049157506	NaN
0.107811	-0.01099752	0.14305525039106257	0.02556716	1.0908679242897699	0.7978608	0.0043956046	NaN
0.107811	-0.01099752	0.2607588749974425	0.02556716	0.821195432837851	0.7978608	0.025058595	NaN
0.107811	-0.01099752	0.02020381694715969	0.02556716	0.6558647052410473	0.7978608	0.16563365	36.875618
0.107811	-0.01099752	0.21918463689521056	0.02556716	0.9792405353357879	0.7978608	0.0052087926	NaN
0.107811	-0.01099752	0.2326787019104342	0.02556716	0.9541685873701364	0.7978608	0.006542125	NaN
0.107811	-0.01099752	0.2687395767535662	0.02556716	1.1534967689155067	0.7978608	0.0048791203	NaN
0.107811	-0.01099752	0.04905779944276517	0.02556716	0.7469443484985021	0.7978608	0.15145785	35.51918
