0.19163659667091346	-0.004291304889551493	0.5401178469085203	0.09980247174839509	0.4495723873417272	0.8041907322252088	NaN	NaN	0.16048245614035087	NaN
0.21760742812271164	-0.003946381222929341	0.39884894263443615	0.05264585175197855	0.4759704332119564	0.9745755524229279	0.17110117	15.34579	9.226652046783625	NaN
0.20105706263970702	-0.004990810041197395	0.3746494969267321	0.008616482817240803	0.4695508240935833	0.792643557467732	0.34609377	12.6633215	11.859978070175439	146.0
0.22533489428553424	-0.004456822276828878	0.43954405265980867	0.06030939307108515	0.04974602761475443	0.7587871309346508	0.5642038	12.92176	9.091483918128654	234.0
0.06695908245836771	-0.0031477664209300354	0.45959525377590743	0.016798204298526548	0.18931602962195837	0.8720262712512998	0.12802082	32.76434	10.853369883040935	172.25
0.05693648509332241	-0.004507215300309722	0.4705263743872752	0.027947706754136385	0.2780491041968525	0.9901874329661031	0.082745545	36.334732	4.8874634502923975	NaN
0.25274944842070546	-0.0018764066846324928	0.3787343575439712	0.09121700294809221	0.3078068776580328	0.8737952937075935	NaN	NaN	0.44366228070175445	NaN
0.1350368146610209	-0.004297518001400595	0.4493177640607165	0.06243069905860025	0.05377287352916015	0.7879445122353761	NaN	NaN	0.654561403508772	NaN
0.1256352574251116	-6.651439784832081E-4	0.37177303030281994	0.009033381857947553	0.16050946409869232	0.7539220879215053	0.4837203	13.763196	15.188377192982456	123.28571428571429
0.12060153814382393	-0.004705137452878428	0.37656534720048446	0.03691068488987217	0.140330910399454	0.8289309480578997	0.25273815	21.946373	9.142931286549707	279.0
0.2177648411970937	-0.003250914208350431	0.41854818469100086	0.12791787583434971	0.4579975603430122	0.9010959426716616	NaN	NaN	0.12332602339181288	NaN
0.1015128628255759	-0.002421514451752741	0.32397046482745673	0.09279389431259855	0.22946025220640076	0.8235317163298456	NaN	NaN	0.16899122807017544	NaN
0.08224140787185413	-0.002209124994605467	0.42794957809478906	0.06867714249334876	0.46514917350022716	0.8959796942768967	NaN	NaN	0.22589912280701754	NaN
0.08713454373105259	-0.004329263193379083	0.5162730737412465	0.03853128304761176	0.46911209067363113	0.8830833751181908	NaN	NaN	1.458187134502924	NaN
0.09672394137769136	-0.004944119745916917	0.5452857139107394	0.04051923027871523	0.1853552392103504	0.9223163421268882	0.1647768	24.140873	5.87312134502924	NaN
0.18562878126678842	-0.002555260733182039	0.48358034487758467	0.007846443042889704	0.30040392533183213	0.9617983396856706	0.09183035	15.17023	13.971893274853802	124.57142857142857
0.019722485954505372	-0.0032894745448647264	0.4699925538722915	0.07247712625021523	0.3469461021219279	0.883467873230139	NaN	NaN	0.15301169590643274	NaN
0.008023727088061924	-3.313702989025357E-4	0.3308457960720976	0.09908662066484955	0.3552050122657382	0.8424048607622697	NaN	NaN	0.1362719298245614	NaN
0.04927495546656618	-0.005045612571704601	0.4209455135580727	0.018859316266487687	0.20634723508908942	0.8104382012018616	0.12537202	44.90219	8.004766081871345	490.0
0.12745416421236144	-0.003584520082919991	0.44401042359940934	0.1305139007959254	0.3128991697628354	0.9757978259142982	NaN	NaN	0.10378654970760234	NaN
0.07046031169527742	-4.941359145655343E-4	0.49918401365044185	0.0500081540375389	0.3841351745422371	0.8595903654958524	NaN	NaN	0.45777046783625736	NaN
0.0736091832634801	-0.0040616494559090706	0.46720974084558176	0.04354678360173939	0.49621713285926355	0.8807474459894911	NaN	NaN	0.44432748538011696	NaN
0.20715792411755318	-2.3393395047392398E-4	0.42759412306005096	0.06012148579656858	0.13620030534033972	0.8401137963901718	0.66338557	9.2075615	13.325489766081871	245.0
0.11121965646087953	-0.001772573204030669	0.392530872970812	0.1332183863743147	0.10175299007402637	0.7601523227113032	NaN	NaN	0.10823830409356726	NaN
0.2146055283176538	-0.0025835479446848467	0.49401879881965655	0.003430070153871345	0.13263285736763936	0.7828308320148649	0.46170396	10.819004	14.235211988304094	96.0
0.18740438871734694	-0.0026051027431319104	0.3530712862057245	0.028435789167933025	0.3108769352446018	0.9954503679864185	0.08915178	14.179827	13.624751461988305	145.4
0.16263834056205678	-0.004287429413018436	0.48837639503859065	0.10662296326533426	0.4717340737835467	0.813152049129461	NaN	NaN	0.1307748538011696	NaN
0.18586800307733795	-0.0011318035402145055	0.4515059231932169	0.018005870185087883	0.11122937945622928	0.9906155044971079	0.07700894	12.219295	14.998552631578947	115.85714285714286
0.015009327494886922	-0.0023506485180698135	0.5056670789699582	0.13907506600492914	0.29571431569212486	0.7718985277861952	NaN	NaN	0.08201023391812866	NaN
0.24630453598779228	-0.003886556970975146	0.44001206920730807	0.029836480463285117	0.47782894555870026	0.9516700057732793	0.17763394	11.625315	11.699247076023392	199.0
0.10789592372855361	-0.002507270592903035	0.4352330087580717	0.02715579304492494	0.4981750945114891	0.8883046187760499	0.18742563	22.985924	11.803808479532165	351.0
0.144909937439262	-0.0047416318174676635	0.5432312403048442	0.14022748164357846	0.11604955458077547	0.8568317955078155	NaN	NaN	0.09428362573099415	NaN
0.17059080557081224	-0.001102032596837943	0.5223120491892966	0.13468476500458867	0.12138241072334226	0.8497981053254791	NaN	NaN	0.11197368421052632	NaN
0.08664268683062645	-0.0014622626399359634	0.43396516582660777	0.10973463967835076	0.25631962752701337	0.8462930054919151	NaN	NaN	0.13277777777777777	NaN
0.16345459756805222	-0.0020331170562055056	0.32078606368690465	4.5015987368701845E-4	0.13362355855894092	0.8331253216260929	0.29813245	13.706622	15.369451754385963	104.0
0.23179578801714942	-0.0010557700283936355	0.3315078151803049	0.09772025673316899	0.012368875836496252	0.7891904774459455	NaN	NaN	0.44883040935672514	NaN
0.08247596547999386	-0.0038657340601103343	0.4060736650135876	0.07761740419518504	0.3536000865356965	0.9610470153286489	NaN	NaN	0.18166666666666667	NaN
0.11855459115362377	-0.0011660450523765559	0.3949081412924439	0.093397646500996	0.07119591720052047	0.8685809581519632	NaN	NaN	0.1979093567251462	NaN
0.24623945335960598	-0.004281885296542675	0.3843536889704904	0.04883050038180917	0.34984444563631695	0.9781763701047642	0.17325899	12.709834	10.453216374269006	264.3333333333333
0.09951378206183864	-4.917631164392293E-4	0.5280381993639592	0.03493256537715546	0.473652598343099	0.9131730512481739	0.21415925	19.579344	12.266995614035087	495.0
0.18974423473921637	-0.004681100088294494	0.5187293661927177	0.06484543595623089	0.18855823221509793	0.9485639357980917	NaN	NaN	2.7402558479532164	NaN
0.23361320253782814	-0.0030279778558878643	0.4001089556622397	0.023982999840573425	0.4696385370722381	0.8971950743638464	0.27883184	11.312916	13.417456140350877	143.8
0.1403468079774245	-0.00199009514102707	0.44455465024780727	0.061634663790853306	0.43305499950807325	0.9663548116923025	NaN	NaN	0.6759210526315789	NaN
0.01562597314866451	-0.003845786412436111	0.414231076852679	0.13693954133060823	0.3913720943677792	0.7770923314919315	NaN	NaN	0.08586988304093568	NaN
0.14411846394591787	-0.002576226039195803	0.4649427972474406	0.03506382926440133	0.31215074244426316	0.9892516357428088	0.11507438	18.195204	11.668538011695906	289.3333333333333
0.13319375070617762	-0.003133547377962773	0.5277606881473598	0.0980720237260712	0.18205164172443533	0.8857493015184648	NaN	NaN	0.1430701754385965	NaN
0.24611317773451877	-0.004590260851194106	0.3034638467682116	0.12146644806574829	0.4733804149088588	0.9526127119998329	NaN	NaN	0.15076023391812865	NaN
0.11645272045958568	-3.2566883160651253E-4	0.4915000836438853	0.08779387168453642	0.1454435100095332	0.9616217044652556	NaN	NaN	0.19122076023391812	NaN
0.2054343860516435	-0.005088420418990932	0.44421129530483305	0.018729416091531805	0.21982882926566055	0.7997977475506401	0.36228427	12.279227	10.714517543859648	119.42857142857143
0.03753036261622877	-0.0013412765028518769	0.4803409663922256	0.09932403432837204	0.14453095251743397	0.8015403298048152	NaN	NaN	0.12873538011695906	NaN
0.04556911500900745	-0.0019017965312463241	0.309779622498684	0.12985181505119217	0.09664966300596427	0.9718443851953411	NaN	NaN	0.10758771929824562	NaN
0.07661668214340264	-0.004245109101103313	0.4856428734777306	0.019157191457514336	0.3743307389218941	0.992012985580907	0.062299106	30.434923	9.122156432748538	324.0
0.05222535369714706	-0.002433168079606774	0.5152432854350433	0.03335156134549209	0.14500627454338882	0.9867168932596224	NaN	NaN	0.87921783625731	NaN
0.04792514655398721	-0.0020267761150433265	0.479532080975289	0.08694631329662682	0.4653320638563637	0.9446029045857537	NaN	NaN	0.14347222222222222	NaN
0.13486393402163013	-0.0023669051020585815	0.5409638977994639	0.03636911616094349	0.077203227817065	0.7552142068794976	0.42031252	17.631832	11.462046783625732	188.0
0.12265721151970246	-6.72055659542437E-4	0.49338625031968086	0.10865746046874414	0.039734634960361497	0.7864013090217941	NaN	NaN	0.15072368421052632	NaN
0.014258459674445414	-0.0016770612082853053	0.3889763744660957	0.022854511462526126	0.047187649784049594	0.9771575177546123	NaN	NaN	0.7146345029239766	NaN
0.24707068806478644	-0.0012711947601379274	0.37703771790248936	0.013175184460545738	0.44276094816159334	0.7867389157375108	0.6650595	8.581244	15.427697368421052	144.33333333333334
0.23674714072278996	-0.0033119182553694236	0.37681598016572365	0.02282362474607012	0.09538465451477089	0.8376984374089266	0.4047841	10.960502	13.512763157894737	109.125
0.131926172483359	-0.0015742172378274794	0.371683449831401	0.1409175774895551	0.2057901341837013	0.9360954946119406	NaN	NaN	0.10692251461988303	NaN
0.04635781496161467	-0.0015201660546134083	0.4289471288999359	0.1333316947660081	0.23599121146435303	0.7794970138146282	NaN	NaN	0.09366959064327485	NaN
0.18494684415854434	-1.620322006280927E-4	0.4881321831905019	0.09746353379869972	0.3669083309033364	0.782668646082922	NaN	NaN	0.2433406432748538	NaN
0.1686925763938654	-0.001964556758361258	0.5494410699264508	0.029536690840899535	0.028387931621431595	0.8621144100900411	0.32952386	13.737643	13.252456140350878	135.66666666666666
0.12047600513322446	-2.546730863438484E-4	0.5328493810629729	0.09570059299757641	0.07769350239331928	0.9262523229373963	NaN	NaN	0.18031432748538012	NaN
0.07535103910421387	-0.004543294551016149	0.35022348995661096	0.09101230225064354	0.33223860655893656	0.8852484231191722	NaN	NaN	0.15157894736842106	NaN
0.2102528796202421	-1.2428971527311364E-4	0.4672781994593692	0.12857002211542473	0.4626500485078303	0.9179526737383666	NaN	NaN	0.13555555555555554	NaN
0.054751233344789395	-0.0022075804229526115	0.3170743026343823	0.03431983028247565	0.28813229137603374	0.7974106519394242	NaN	NaN	1.344904970760234	NaN
0.2361511082732604	-0.0031205532478365107	0.3711198305206067	0.02311680409611055	0.46968121845240257	0.9678331543980985	0.1318378	11.838133	13.577975146198831	188.0
0.16447485846105972	-0.005025648883751262	0.42061075362776645	0.0337604758641703	0.39228291387691194	0.9363022739245976	0.1667038	16.79967	9.416834795321638	250.0
0.16983576667037464	-0.0024499216647393606	0.357649001482856	0.019245377935631573	0.4563351163749412	0.8208328421693459	0.35158476	13.953865	14.133326023391813	197.25
0.13171859026250804	-0.0032992955081302625	0.47172137570312783	0.11620406919217836	0.34483663281586335	0.8514912597689104	NaN	NaN	0.11654970760233918	NaN
0.18559333069419612	-0.004077755568621564	0.35872059071713425	0.05733804108180429	0.49728264623909646	0.9242413623306325	NaN	NaN	1.5905116959064327	NaN
0.25207570876340074	-0.0016883095487607025	0.530342011024357	0.07092738322041375	0.14674724903287661	0.8440268674584627	0.5660045	11.226095	11.260080409356725	392.5
0.06107567131712029	-4.435598683462543E-4	0.5088909279627658	0.13971104016178063	0.3735833925718852	0.8276407238568236	NaN	NaN	0.09101608187134504	NaN
0.06270250196076807	-0.0030413893539322566	0.4530765917121008	0.08149484840943377	0.19996517048122148	0.9213480527252189	NaN	NaN	0.16942251461988303	NaN
0.0863726509224779	-0.003094668916123119	0.41203234213344303	0.03576449376007328	0.41376820291579736	0.8785389320638689	0.17853421	27.822578	7.2288669590643275	NaN
0.03394135112656834	-9.690331240248317E-4	0.30896407189465425	0.14187651956952252	0.4298455294414214	0.8592506389355145	NaN	NaN	0.09556286549707603	NaN
0.03468951283755988	-0.0038524787791066216	0.36996215638181595	0.13362545442171098	0.3006147246304024	0.9539220193089363	NaN	NaN	0.09543859649122807	NaN
0.23367753392668375	-0.004124559754639298	0.403679345446296	0.027222801460294207	0.19721634564780272	0.9857738445313877	0.10794644	12.290704	11.950972222222221	128.0
0.047953869009565296	-0.0017278723873766905	0.44093736059420646	0.07208933938216736	0.1357150087307663	0.9496407910423263	NaN	NaN	0.18616959064327487	NaN
0.12109941845224903	-0.002683831075086015	0.5306297274819007	0.07500254240879999	4.57481874548461E-4	0.904649769270149	NaN	NaN	0.2760087719298246	NaN
0.2079135470865313	-0.0014987700589229242	0.4763838098662777	0.06773338469605567	0.46653158794665195	0.7859253676116162	NaN	NaN	1.5427850877192983	NaN
0.07111166651846881	-0.0036324089815442176	0.3127699336576626	0.1285607074768685	0.18522683023773379	0.908430406851282	NaN	NaN	0.10408625730994152	NaN
0.09771032485575751	-0.004652777555051872	0.30693390320045494	0.05920651924535003	0.1276117893640777	0.7783851827636903	NaN	NaN	0.4250073099415205	NaN
0.16741878401381272	-0.0011807957881343023	0.3615073402074359	0.06856394253057288	0.08112959700445026	0.7935647534827317	0.44419643	14.553869	6.628925438596491	NaN
0.06052593643890113	-0.0042816948764041	0.5137391406549783	0.13389349442875778	0.1289767418580074	0.8696039450601544	NaN	NaN	0.08706140350877192	NaN
0.2312513318529445	-0.0019340703726389453	0.45880561962020794	0.10227697391169747	0.1706624852252362	0.9315444092824229	NaN	NaN	0.24798245614035086	NaN
0.13069554673534708	-0.002492183423876777	0.47810423120098744	0.08940696920735959	0.4404250421111407	0.9168786105497886	NaN	NaN	0.17111111111111113	NaN
0.22384973808071007	-0.0013416451845748906	0.3155186517388999	0.004149876992178289	0.06617402778938695	0.7717691707924954	0.6297023	9.234988	15.659714912280704	82.0
0.2486702179482917	-0.0019681842055451503	0.40175683842929155	0.12767953860775316	0.37058825089743774	0.9867783187520183	NaN	NaN	0.1423391812865497	NaN
0.07415072872630613	-0.0034460369153009557	0.4230979674386768	0.11179588592612506	0.2253680999626212	0.9530049092610589	NaN	NaN	0.11682017543859648	NaN
0.12438375324767209	-0.0024857131929267103	0.48152219558833165	0.12280862470706429	0.3240481363329693	0.917013717914164	NaN	NaN	0.11836257309941521	NaN
0.1386389183910836	-0.0050364522977345404	0.34711582859431034	0.015101462514598117	0.4750372441585305	0.8812141817178213	0.16629463	18.8088	11.110921052631578	210.5
0.23394057851133504	-0.0034394536968477742	0.4058144232830991	0.10525049613608735	0.038673304167394444	0.7706090192272776	NaN	NaN	0.26421052631578945	NaN
0.14803131341417927	-0.002993660149100539	0.5095322906386207	0.0869350291379006	0.03624799403470807	0.9921357239508514	NaN	NaN	0.21195906432748537	NaN
0.17209017755344427	-0.004793100596761474	0.31618637546621897	0.11046547909291757	0.4585554376975355	0.9765586408587684	NaN	NaN	0.14096491228070177	NaN
0.1353548592566718	-0.004887030383315682	0.3223085679237455	0.08170784950491032	0.3521103849741597	0.9572721815784881	NaN	NaN	0.2215058479532164	NaN
0.18768995851655637	-0.0013117038089060973	0.34519756855902806	0.10568491097974407	0.1855230275969892	0.9250272114926281	NaN	NaN	0.20990497076023393	NaN
0.22205745080999587	-0.002752787883488301	0.4678301834315717	0.004890104621361228	0.11154899141769896	0.8119161922065181	0.40890622	10.809724	14.169064327485382	97.22222222222223
0.2012821576100205	-0.003474295330655716	0.3020646074299591	0.1101010549964766	0.4741832421253801	0.8137161411209212	NaN	NaN	0.16296783625730993	NaN
0.013060211279923014	-0.0034444410990953776	0.4216523180096884	0.01049740377461192	0.43915303404539746	0.8835030146487619	0.028028272	199.03981	2.455891812865497	NaN
0.19302184620083002	-0.003098873001381605	0.5299513561707861	0.12747479786201416	0.4917900163223155	0.875271960180334	NaN	NaN	0.11603070175438596	NaN
0.21811412188507615	-0.0010020103613358378	0.480316122606812	0.022537522743762545	0.28221809069447007	0.977923738777548	0.12779763	10.23377	14.99049707602339	136.83333333333334
0.05549185881951218	-0.002439356189723501	0.4033359500233915	0.10991155591478309	0.05495935191878542	0.7535510724668627	NaN	NaN	0.119546783625731	NaN
0.22546644245069003	-0.002136095245143696	0.3414084528915705	0.05444427065573767	0.07150252135935602	0.7904662211967489	0.6052976	11.87652	12.919407894736842	183.75
0.07942672645051041	-0.0023354125539758745	0.3706594344351233	0.021374392628489	0.28035038334763707	0.9891824737660166	0.07235119	29.834393	12.709480994152047	265.6666666666667
0.20467265516564048	-1.659826552838355E-4	0.43464899482210106	0.0956250465722474	0.2620062628712166	0.9467716463978454	NaN	NaN	0.29122807017543856	NaN
0.18104169760062513	-0.0029111001978357007	0.3764159643546371	0.021384056680887057	0.04590319547168369	0.822184539344463	0.35942712	13.426761	13.647894736842106	111.125
0.15840706701448645	-5.879143823696169E-4	0.4715874053641511	0.05241067292042619	0.3742403980727867	0.947602749598562	0.24031988	14.159765	11.610752923976607	NaN
0.037524107737470856	-0.004327052488705822	0.41798688173021165	0.1332990914147004	0.35307250248742217	0.8213938068328016	NaN	NaN	0.08404970760233918	NaN
0.17833040614981419	-0.002880292741606039	0.3174795465580755	0.033920809014055774	0.15499061486573495	0.8393155578224837	0.35514152	14.659967	13.292514619883042	167.8
0.22229322985264086	-1.9347728745396244E-4	0.4058512450382615	0.05357500527622486	0.10871843852360406	0.9571532534252891	0.29990318	8.515853	14.001827485380117	196.5
0.23746526689638467	-0.0031770222618754877	0.5420856629478511	0.11364523730752349	0.45948813055074483	0.9097095591965938	NaN	NaN	0.13950292397660818	NaN
0.22387110396566956	-0.0024475269738255586	0.40132288570235863	0.016469844986719526	0.007913895294949114	0.8950844555971725	0.27144355	11.134782	14.493815789473683	96.0
0.17111032069488205	-0.0010583434483252517	0.37649467297597417	0.12489102838157105	0.42418657745498606	0.8664020482648456	NaN	NaN	0.13922514619883042	NaN
0.14163061938856067	-0.003788638321992117	0.4536691514639457	0.012794363982641482	0.09589985051909193	0.7548324566618164	0.33976182	16.282444	11.809488304093566	111.75
0.06009188315466673	-9.204349417216828E-4	0.5406275919651293	0.08665765133670064	0.45100375512762364	0.7920305256013501	NaN	NaN	0.15228070175438596	NaN
0.12829847815466833	-0.002149227457353774	0.3983590506510697	0.0934983788362975	0.2187685554614618	0.8484242232385585	NaN	NaN	0.18410087719298246	NaN
0.034106330512242315	-0.004190717983060142	0.510809474025534	0.07997669258770053	0.4599220391025501	0.9374327474544899	NaN	NaN	0.1346783625730994	NaN
0.042889500597242995	-0.0011556662080932983	0.36026868287250136	0.08314070993697793	0.43817637031061263	0.9883208698238591	NaN	NaN	0.1796783625730994	NaN
0.05904969253972644	-0.0030552179647889543	0.5187229701066325	0.05728999070692126	0.28725152770119744	0.8604871914527832	NaN	NaN	0.2691374269005848	NaN
0.03873505209256308	-0.0011057537339429812	0.3299392993907009	0.10860850222691312	0.08548626097443761	0.83537091131994	NaN	NaN	0.12621345029239767	NaN
0.06056050003651061	-0.004357495858981614	0.4121680517847071	0.05703959273625493	0.011645348949226076	0.7945175063685713	NaN	NaN	0.2827266081871345	NaN
0.18944220698787823	-0.001653938075698147	0.54743845282726	0.14083259240452314	0.4652122353492111	0.9416861860142615	NaN	NaN	0.0973611111111111	NaN
0.016519922417947055	-0.00391557980961625	0.4643512429126269	0.038305015785787544	0.3791162167027697	0.9360726234663187	NaN	NaN	0.2932748538011696	NaN
0.2509815248578477	-1.543295166689145E-4	0.5370173703458762	0.03168885243871426	0.2864859477268196	0.8829641262971782	0.59434515	7.1820607	15.324086257309943	146.83333333333334
0.1739578970206105	-0.0016839908987613605	0.5419139270866263	0.022047964675018555	0.3718390545080329	0.8274899109058631	0.39046884	12.565879	14.080782163742692	178.4
0.02065033447617903	-0.0034640876399930267	0.4865876078414825	0.08678148058802314	0.20448804782042412	0.9189693688248948	NaN	NaN	0.12787280701754386	NaN
0.060706939625149885	-0.0019623698016369598	0.48258337151492703	0.03031172564546116	0.32343418158748544	0.9249320174997093	0.124947935	32.996235	6.978464912280701	NaN
0.2333944795454445	-9.56053425281565E-4	0.5090577290299432	0.02337235327845489	0.39138492210848386	0.9697647816187374	0.15743303	9.748168	15.034941520467838	169.6
0.21922506328246294	-2.2037668202815655E-4	0.34119107735514764	0.13857205050731491	0.3257111371593822	0.7875587288258215	NaN	NaN	0.143516081871345	NaN
0.032895542147760436	-0.0025295360583897472	0.4077757779976229	0.025351585534774717	0.32828359344094343	0.8488463919796464	NaN	NaN	1.055263157894737	NaN
0.08927701994320913	-0.004070449659438484	0.3378522852021819	0.1073485305726519	0.49851288166261365	0.8481533068779754	NaN	NaN	0.1301388888888889	NaN
0.018941716091326607	-0.002541952819312914	0.3957159598562237	0.0818377330444318	0.016065818633729124	0.9025886235290559	NaN	NaN	0.1467251461988304	NaN
0.20761808962007836	-4.7567137698481803E-4	0.3843364792923309	0.08115994337002247	0.005335838230387625	0.9298686089855484	NaN	NaN	2.724137426900585	NaN
0.20389951651724844	-0.0038115612534424877	0.5376278726541255	0.004751888900514241	0.04368443165984697	0.9683457266915725	0.067678556	16.467554	12.00562865497076	95.77777777777777
0.12646719150642785	-0.004429407943802253	0.4740827595876086	0.0739443219865282	0.49281084191385927	0.807791339344113	NaN	NaN	0.21869152046783624	NaN
0.15958961688780396	-1.628097112022219E-4	0.49613446674455763	0.027528407462084212	0.42760321797180245	0.8811822809834929	0.40388393	10.634403	14.643845029239765	205.0
0.17838621416150258	-0.001086548104012358	0.49792514157538187	0.032163956589020944	0.41191570836892105	0.9277435763562522	0.24729912	12.112278	14.071162280701756	229.66666666666666
0.2015441007387848	-0.0014008727855076286	0.46671968055307356	0.06400569916201418	0.34553394259473613	0.8815200254537435	0.38829616	13.960139	9.909736842105263	NaN
0.18320004579275476	-0.0036630842372162094	0.4413917991346125	0.12197774673493796	0.44294985103267037	0.8881489803183118	NaN	NaN	0.1176169590643275	NaN
0.14048371474886565	-0.0011107271936623053	0.4826895130826374	0.09148402093912054	0.33147170849966684	0.9529902627830091	NaN	NaN	0.19885964912280701	NaN
0.15279681591861446	-0.0033514415425684595	0.43042850561848134	0.05108789638975953	0.4948369320181866	0.9638866101870964	NaN	NaN	2.3536695906432747	NaN
0.18090243841801557	-2.7866183627023804E-4	0.30952028672739995	0.08894300350016919	0.17725292767769374	0.8514705413215962	NaN	NaN	0.3884795321637427	NaN
0.2520404666655979	-0.005023374743055588	0.4705703541326085	0.11715503558761765	0.48223134752408614	0.8038386463660759	NaN	NaN	0.13162280701754386	NaN
0.21388320158261845	-0.003430405579194755	0.428525427641989	0.13647996117767738	0.19845732537047622	0.8726613110668954	NaN	NaN	0.11601608187134502	NaN
0.2186078736854836	-0.003610418233058399	0.46994724239786245	0.07902550995541889	0.3011897347910671	0.9663089586940996	NaN	NaN	0.41767543859649126	NaN
0.03569214651974711	-0.0037700956593700167	0.3824771481743342	0.009161002598377889	0.16944839346204504	0.9966225581803214	0.026800593	60.60532	10.521140350877193	290.3333333333333
0.13133023258860488	-7.637849027781835E-4	0.49905735215829183	0.008426649519497427	0.1258287877245411	0.9186476358712143	0.17915927	15.101839	15.191089181286548	122.57142857142857
0.17531047096176275	-0.004688096946747865	0.5207120647500947	0.11967020714526921	0.11369427315154428	0.9434425920137093	NaN	NaN	0.11091374269005846	NaN
0.09557366705538323	-0.004701279683110725	0.4699792544776914	0.03626042770535809	0.33442570575788566	0.7692623863723631	0.2595908	25.603798	7.163501461988305	836.0
0.03286140241161472	-0.0019832241593523846	0.43832981647940794	0.05139806801247645	0.25123357458664336	0.8746504176212333	NaN	NaN	0.28	NaN
0.08533636238542455	-0.0030482001615364175	0.5146169914613161	0.05516310100865791	0.043827962785042966	0.8217307589514473	NaN	NaN	0.40097222222222223	NaN
0.16687649814172598	-0.004216205617044567	0.4033612987523854	0.0389287418614204	0.25524867603546675	0.9801101608284094	0.13401043	16.752592	10.08906432748538	252.66666666666666
0.09506982508742479	-0.0039723677788454734	0.30568396897711314	0.07459792554342368	0.38582405478838566	0.7919480203478069	NaN	NaN	0.20125	NaN
0.07151892787298048	-0.002776267619901386	0.30723825925375836	0.09026646174782023	0.05418102278904862	0.9999505129155479	NaN	NaN	0.17167397660818712	NaN
0.1597492881893347	-0.005000342454956245	0.39543018876530445	0.028410240391607305	0.2982870994273328	0.9601536429258257	0.13067706	16.757738	10.107697368421054	204.75
0.1552431302282981	-0.003501506120047692	0.4075385982247588	0.05458491433533474	0.23467148147031108	0.8455840458927499	0.32841516	17.869602	7.822865497076024	NaN
0.19942349753426403	-0.001582539710669184	0.3456037250280808	0.0874988016152157	0.2274384693235066	0.8902750086304976	NaN	NaN	0.33345029239766083	NaN
0.11991873834559888	-0.003046255142478163	0.35781165494769673	0.012789149744241914	0.15383060562277373	0.9030606587582299	0.1490476	19.994722	13.499846491228071	141.16666666666666
0.03436656762991341	-0.0037493820946219807	0.48781119039044335	0.12804430207946998	0.24548848428573566	0.889310228410221	NaN	NaN	0.08887426900584795	NaN
0.04418309935761507	-6.349439781685634E-4	0.4873055661411245	0.09374802548877398	0.15694204142040608	0.8258765549323475	NaN	NaN	0.14089912280701752	NaN
0.04903471504629666	-0.0040687830690244835	0.3363032799970411	0.030585704961694504	0.18019664659711426	0.8494426510978104	NaN	NaN	1.361578947368421	NaN
0.19671069427197604	-0.004381981735987466	0.5036236520188305	0.06668599917930772	0.3186743423528043	0.9029243544193031	NaN	NaN	1.297858187134503	NaN
0.10729833252299256	-0.0035771720662235744	0.4752602075236151	0.0031470694466145793	0.42955383034721306	0.7652378081356975	0.23374261	20.61185	11.952112573099415	159.6
0.19419877384833542	-9.90990458904311E-4	0.49372942626405425	0.12591646209450114	0.3822246200382251	0.9205220977860604	NaN	NaN	0.1427704678362573	NaN
0.18787480453340644	-0.004411937686329155	0.40988834791615836	0.08459219050655696	0.1958242439143596	0.797619266360931	NaN	NaN	0.29460526315789476	NaN
0.07516770230886485	-0.0033742522402385624	0.543300043386156	0.05585467330489864	0.06153985735463224	0.8253982912332807	NaN	NaN	0.3728654970760234	NaN
0.06753018797371604	-0.0035225753492279612	0.405063060327933	0.10842143732557548	0.418594816103229	0.7653530993516391	NaN	NaN	0.12242690058479531	NaN
0.18416056263433844	-0.0025545195634892608	0.4811953177486483	0.06206668424595128	0.09685934078302376	0.9381370038338683	0.26552084	15.394967	9.036023391812865	NaN
0.23044782365419952	-0.0010809951413027824	0.4868640882263748	0.012324864214327018	0.21626516281934044	0.8834913081939711	0.372076	9.413384	15.430431286549707	112.0
0.20160054551982173	-0.003126382966802332	0.43476473725234777	0.11599154652499384	0.41329447162326616	0.9639016313773398	NaN	NaN	0.14614766081871344	NaN
0.025179645537587333	-0.0050483535758826265	0.3011487643607967	0.008967683310586491	0.15957107925587616	0.9366328006286336	0.037633933	85.97963	9.312536549707602	440.5
0.21242591901991925	-5.631747172083739E-4	0.30285742479382705	0.1109173935624327	0.42600978823911445	0.8492578093454729	NaN	NaN	0.21176900584795322	NaN
0.17580093835578872	-0.0047864433587326465	0.40929450856941035	0.07870887275492239	0.1992700922979665	0.8729561902569444	NaN	NaN	0.3891081871345029	NaN
0.13167126297742837	-0.0037579272656270515	0.4167299808135958	0.016797937559946727	0.46379166428868485	0.8906053958303783	0.16896577	18.925875	11.656213450292398	205.5
0.08128193659713473	-0.0016260844719162648	0.35441598997562007	0.06724077229682508	0.053027263229938386	0.7827619693234391	NaN	NaN	0.2938888888888889	NaN
0.0973998534778737	-0.0023831965199490527	0.3145648387214158	0.04756416754385485	0.4453888782522756	0.9111064313385155	NaN	NaN	0.6358187134502924	NaN
0.15666969067025419	-0.0029231253209789157	0.45172369414306357	0.11648710256962556	0.3238250964635408	0.882732155840587	NaN	NaN	0.13104532163742688	NaN
0.10081605974174956	-9.445954912327481E-4	0.453016820384701	0.0787170013908321	0.3399818763154232	0.7890604828756438	NaN	NaN	0.2219078947368421	NaN
0.03144122068120799	-0.0033445788926891717	0.49423930023667395	0.0595090213274227	0.07388111148598257	0.9642738437470354	NaN	NaN	0.19323830409356726	NaN
0.14999790339509292	-0.004786676899223808	0.3190980507947172	0.003179917960776536	0.07448504399911442	0.8914306119390227	0.14383183	17.970158	12.584100877192983	89.22222222222223
0.22434410117994133	-0.00293308003207598	0.4198198441207226	0.029643364891851376	0.014092160695086887	0.7811587947879467	0.5257366	11.289447	13.277331871345028	111.375
0.15748860990363045	-0.0027873374022388308	0.5377916631891669	0.011646545031699504	0.41610945906327224	0.7916627314075244	0.34165174	14.566354	12.755065789473685	159.2
0.21018305909892174	-8.972644873763108E-4	0.45736619301709835	0.09063439310227034	0.38943445748060557	0.7982043252261499	NaN	NaN	0.3368274853801169	NaN
0.25297257193154454	-0.0020482117320452698	0.44505208305300265	0.02397641954842073	0.458710437289559	0.781068167179618	0.62677103	9.320274	14.43860380116959	166.6
0.0823415105168839	-0.0020688367251337977	0.35920298480860974	0.09211989882018391	0.045533612061095345	0.8489614791281451	NaN	NaN	0.17692251461988304	NaN
0.10043475787379125	-0.0015535563132049212	0.4623049522816759	0.11257313638883687	0.17591774361207346	0.8678534181573834	NaN	NaN	0.12142543859649123	NaN
0.045344140675582394	-0.004554005277566666	0.5329157503640425	0.12349476743830595	0.050779019587252554	0.8062847496871964	NaN	NaN	0.0902704678362573	NaN
0.044564010671260916	-0.004528918581737631	0.4672021722374228	0.08512230391983487	0.0728932411460717	0.9473834186401757	NaN	NaN	0.13428362573099414	NaN
0.24447216577580297	-0.0022876280324574307	0.4594173791572177	0.002899495446636602	0.12189222741588161	0.8552532283076222	0.36511898	9.942025	14.923172514619882	88.4
0.023709527172452	-0.0030834221757228162	0.45621780308888127	0.06457277231286208	0.2717839627470728	0.8714537167203844	NaN	NaN	0.1775438596491228	NaN
0.2043351392758395	-0.004972826976829558	0.47469000089472857	0.012868508760487864	0.45876883019728215	0.8731962589479187	0.2362351	12.844838	10.749597953216375	147.66666666666666
0.16643606812727535	-0.003665788375063453	0.38768789301283507	0.008812742749211464	0.4035357892344688	0.9932242207945216	0.036257446	18.879072	13.003589181286548	162.8
0.15538338356280904	-2.5699262480090795E-4	0.3005094855366529	0.09602255080401091	0.4366989487265183	0.7665474823078815	NaN	NaN	0.24359649122807017	NaN
0.0856473655319937	-0.002904255180166564	0.42910264842616086	0.129123440189326	0.45070602758484685	0.9180314385803172	NaN	NaN	0.10198830409356725	NaN
0.026612747643397713	-0.003957014543663817	0.3845087703677224	0.12310159956445722	0.4307311375341775	0.8889092541967105	NaN	NaN	0.1	NaN
0.09835847691648167	-5.34341577304746E-4	0.4098517417318215	0.04918620985063589	0.19226040565071495	0.8985481021662403	NaN	NaN	2.423092105263158	NaN
0.12416834212538638	-0.0037022366527051515	0.4021724686285393	0.04560939401258879	0.35798000784166295	0.869055131484917	0.24075893	21.650167	7.164707602339181	NaN
0.18049658213351732	-0.004345945751187017	0.35020372371245867	0.045174888898819314	0.14206298386852445	0.8256986529322402	0.36689737	16.06064	10.303559941520467	226.0
0.24919666479704752	-0.004513053023726262	0.43277905355004354	0.08837770130737428	0.3190878068409648	0.8116314187961932	NaN	NaN	0.3387207602339181	NaN
0.1645962700013903	-0.0014025550457211094	0.4990680613574585	0.10228358534862671	0.34786494748592994	0.8343658716899073	NaN	NaN	0.17158625730994154	NaN
0.23412535104959384	-0.0015762202122522916	0.3479181917126476	0.09745814020099951	0.49983549574424446	0.8970393242601777	NaN	NaN	0.28981725146198833	NaN
0.2539289076524525	-2.0038129901201065E-4	0.3670434038506002	0.07192089799902186	0.1270710120765744	0.9152384365820816	0.5077678	8.095608	12.973874269005847	345.0
0.094567650430221	-8.148790305721631E-4	0.34500981849749446	0.12591141372591358	0.258058929088579	0.9003876420167657	NaN	NaN	0.12391812865497075	NaN
0.10946723793030466	-0.004944030454300005	0.5373982449720806	0.07874493549266565	0.25940975878300915	0.8511512027928673	NaN	NaN	0.17082602339181288	NaN
0.20425358950277056	-0.0017819411856712325	0.3192375572278091	0.096288453726846	0.06956099596010377	0.8225014108114765	NaN	NaN	0.30178362573099415	NaN
0.06613510126910943	-7.178475740424223E-4	0.3259602812372093	0.1277193979890721	0.33485688205556	0.7779593488603684	NaN	NaN	0.10996345029239767	NaN
0.10278244404292777	-0.004929911946400299	0.39548321117626317	0.11788509086395568	0.23962056328239895	0.9287553625016758	NaN	NaN	0.10263157894736842	NaN
0.2020284150274075	-0.002028372072096768	0.39140820465937437	0.03643928103725741	0.3677580443841283	0.9563645745335544	0.19268608	12.521353	13.567850877192981	223.5
0.24057123787613238	-0.0014283813007693834	0.4372102534077934	0.13320146386605491	0.003984447549712878	0.7739715383057648	NaN	NaN	0.1525730994152047	NaN
0.01871757816016403	-0.0019833751730697464	0.4201649833310961	0.11310570405913423	0.4350706480900348	0.932175962922968	NaN	NaN	0.10519005847953217	NaN
0.15214154490663287	-0.003412333793910071	0.46179300635059584	0.09144946893922404	0.3448885924608837	0.7537787468883576	NaN	NaN	0.20494883040935674	NaN
0.14235256106382851	-2.5674199411168934E-4	0.524983981719753	0.12572264013050682	0.4779914356124686	0.908240024569478	NaN	NaN	0.12176900584795322	NaN
0.22784190253593506	-8.500867223725228E-4	0.37152472358028943	0.1414262089746932	0.033689913234421935	0.864677257684824	NaN	NaN	0.15051169590643274	NaN
0.22409096113787424	-0.00496599684668417	0.5033995838539842	0.13934422782334802	0.02195963295572061	0.8517139720075575	NaN	NaN	0.10322368421052631	NaN
0.1752458163663495	-0.003119086301969781	0.5064613602089173	0.08160846750535151	0.08210039222082509	0.9265851348432637	NaN	NaN	0.348406432748538	NaN
0.10435552391569988	-0.0016605636244869388	0.35148145706667117	0.009519718937752355	0.4201227674633034	0.8654831845604808	0.18319944	20.019388	14.760402046783627	145.4
0.1747953386313313	-0.0038709489510702754	0.48936940289115505	0.0639228671619521	0.4388001386875866	0.7728636743096025	NaN	NaN	0.6653070175438597	NaN
0.05860148338688791	-0.0017838879070852464	0.4197866116403849	0.12946392838105578	0.3098253564839829	0.9123382448595482	NaN	NaN	0.09982456140350876	NaN
0.1397777969591555	-0.001854054376973836	0.414344746043454	0.09530846241590572	0.40736630303901783	0.8437271901493244	NaN	NaN	0.17214181286549707	NaN
0.06263544042704489	-0.0032313399836016157	0.33204614765989454	0.011924471406314625	0.290527738664945	0.8450289801372313	0.1248661	36.013596	12.534824561403509	224.5
0.13842836135437206	-0.0030426575601382143	0.3791560781576211	0.12191313995619917	0.38498991009286126	0.9795384782598611	NaN	NaN	0.12539473684210528	NaN
0.25307623350976205	-0.0019783551250938023	0.5129535540513228	0.14022285768264972	0.3847855130630983	0.8645022799783074	NaN	NaN	0.12207602339181288	NaN
0.17584367999075984	-6.959035712654054E-4	0.4270399701308991	0.07855232327799883	0.1293627728629258	0.750774209592357	NaN	NaN	0.7957894736842105	NaN
0.11328472990137711	-0.0011995564095019268	0.3894389379273201	0.036514946891144234	0.13151750781230542	0.7525074790790751	0.4377232	18.79466	12.917595029239767	241.0
0.16547188913298957	-0.00483829058318697	0.39653630571655146	0.03890804171288744	0.3534019358125281	0.8814153623804688	0.25065473	16.961105	9.437558479532164	295.0
0.13701312699021617	-0.0028396458567836458	0.5400188608313661	0.09094709222642551	0.18276261262613597	0.7533175539693384	NaN	NaN	0.18923976608187135	NaN
0.04421191669248999	-0.0011150420643539238	0.4780012888275603	0.10785856574315064	0.02413900850324512	0.9721759827194302	NaN	NaN	0.1177704678362573	NaN
0.06113580204959745	-0.0012306371682240863	0.5192037562457477	0.14107763964155012	0.03147402731872916	0.8125662977708843	NaN	NaN	0.09253654970760233	NaN
0.10161005571854048	-0.001031513822639028	0.44267194972505763	0.08630345172438014	0.30313723319111563	0.8093292141624329	NaN	NaN	0.19421783625730993	NaN
0.2151225673455617	-0.004077543868865893	0.5285252615046362	0.03468936480146907	0.4886214379797219	0.7691411149330711	0.4769793	12.2493515	10.127843567251462	230.0
0.20228433568245552	-0.001235173667969755	0.5445794998121436	0.06888586794575022	0.11120900602623089	0.8039227305839581	0.5874405	12.787894	10.71684941520468	486.0
0.10840140587838898	-0.002955923718054707	0.542513095723619	0.016936723955372147	0.25297000820137044	0.7886980104674784	0.25923356	20.360567	11.406169590643275	163.4
0.18153735886313402	-0.0037418567914816645	0.4972205839271182	0.03611374208547907	0.32999182456827175	0.7948965914126462	0.40234375	14.223872	10.383669590643274	219.5
0.06743174999520116	-0.003379722001369655	0.4269064673818269	0.012652710520594463	0.3763770038040231	0.8246798956868255	0.1387946	32.90546	11.213406432748538	246.0
0.037135780419386914	-0.0018449138235486324	0.44569398192348497	0.10854337232160897	0.16710090671210798	0.8180244252809152	NaN	NaN	0.11788011695906433	NaN
0.0421705767369552	-0.0035066430619520926	0.5075273390647044	0.05258344084191899	0.12129530626990108	0.9447210180013887	NaN	NaN	0.25948830409356727	NaN
0.12543973970748534	-0.002876533317394133	0.4909968882613719	0.09391375046217267	0.21011163784446962	0.9906948473113442	NaN	NaN	0.15673976608187135	NaN
0.1266624696711553	-6.508194406035116E-4	0.46157310666416845	0.1303244419163421	0.13539490568261048	0.9670102299984059	NaN	NaN	0.11562134502923978	NaN
0.14745812570793881	-0.004014932830761116	0.32634859564193053	0.05840693853633731	0.17753544819459494	0.8903330724036574	NaN	NaN	2.551154970760234	NaN
0.13072110986894656	-9.688369506583277E-4	0.3086037960689796	0.022800993550474106	0.030811797822465615	0.7625622589952478	0.46884686	14.512723	14.48136695906433	135.16666666666666
0.029985554986583226	-9.492773156652722E-4	0.41577078891167124	0.11055946054256653	0.3422375609598325	0.9617333645198315	NaN	NaN	0.1140204678362573	NaN
0.19909349429357617	-0.004975213480171177	0.426203864996172	0.10926575782221319	0.35250604624105014	0.7954109479076958	NaN	NaN	0.15638157894736843	NaN
0.1187446842571811	-0.00142609995206031	0.3827024018978713	0.03876180366945812	0.0544055132272147	0.8257312973412877	0.3426785	19.232592	12.662690058479532	232.66666666666666
0.2511095083741947	-0.004927217725769481	0.40519145266522283	0.1419802040519187	0.051558375231187496	0.9934902928577352	NaN	NaN	0.11233187134502924	NaN
0.15441237156416987	-0.0015066604561480546	0.3811634750382097	0.08075767730321401	0.2272123556398496	0.8784903514817938	NaN	NaN	0.31467105263157896	NaN
0.15761831957107558	-0.0045964531332438625	0.4413277898491547	0.018002316681886007	0.444957518719464	0.8684084643968416	0.2107663	16.055449	10.676198830409357	188.75
0.048550899741325336	-0.0017640935631856613	0.44390611684406933	0.0860918651091644	0.06872847491090688	0.7672106964761178	NaN	NaN	0.1527046783625731	NaN
0.08299932461387466	-0.002515922496616378	0.334747274838991	0.025821312163870798	0.24352813424643271	0.9324470873329463	0.12927829	30.132801	12.166790935672514	310.0
0.014795539815386834	-0.0036423624914375544	0.3911020724557767	0.002055012260599603	0.2484214878016895	0.9542886326410789	0.012872026	119.920815	10.5768932748538	359.5
0.04820933185856851	-0.0014563250326562987	0.5347836025648651	0.08696106525481864	0.06412152702449157	0.8959324144366823	NaN	NaN	0.15388888888888888	NaN
0.141167246094798	-0.002785947232052867	0.33941527331379573	0.09033593333144256	0.07574341160913005	0.8878634115468081	NaN	NaN	0.22222222222222224	NaN
0.016188841101067716	-0.004644131999016816	0.5265100719384426	0.08711717892873158	0.4110395659413593	0.8676270268435953	NaN	NaN	0.1135453216374269	NaN
0.01208443625303712	-0.0013298608597601552	0.42479397152385856	0.04331648805862407	0.14183968800830093	0.7822838503290024	NaN	NaN	0.29594298245614037	NaN
0.16349925499975182	-0.003086518423235345	0.45614211613959554	0.10389863960721175	0.41488425297105286	0.8249801462245315	NaN	NaN	0.16574561403508772	NaN
0.2535403207603197	-0.004914001478074795	0.5429909674858704	0.08573128533855481	0.23332493881374294	0.9273103379453179	NaN	NaN	0.3432090643274854	NaN
0.23179903785002395	-0.003314525121946506	0.4854678763430206	0.12881321139810875	0.15462357553150968	0.9699515470410803	NaN	NaN	0.12546052631578947	NaN
0.1319923673070742	-0.0025540110375656274	0.46968176274113776	0.019264087083686095	0.169354990164912	0.7898385528849032	0.3235417	17.207521	13.021425438596491	150.5
0.19969085094491726	-8.958595711694699E-4	0.4506775150337785	0.057766674849981006	0.16063653113289306	0.989688586525421	0.18155506	11.865906	12.508311403508772	358.0
0.08677804603416692	-0.0034627281513641083	0.39709921177004326	0.12256477388612978	0.03988554119804782	0.9465894308011841	NaN	NaN	0.10630847953216374	NaN
0.2295827754622901	-0.0022025347423844798	0.47835468565262457	0.015039362477480774	0.20284824157381198	0.9495878093573428	0.16180797	11.223909	14.440942982456141	117.14285714285714
0.06732606004302694	-0.004471982802446682	0.46633971956710873	0.04314554393636748	0.13404233379131097	0.840555558823324	NaN	NaN	0.5802485380116958	NaN
0.17550582996496106	-1.4608384769123064E-4	0.5309735894995192	0.04245928655560822	0.20878822338585823	0.8092118923773941	0.6797026	9.782459	14.0956067251462	193.25
0.03007490848527566	-0.00485389766815022	0.5339197407688376	0.11865188357885406	0.14293835701125157	0.9880274991321647	NaN	NaN	0.08752923976608187	NaN
0.13631611670861427	-0.00391437790328989	0.4160126156518975	0.09430947325939681	0.13150324581316525	0.8691599420434784	NaN	NaN	0.17336257309941522	NaN
0.17584062183290686	-0.0020840247381943944	0.4377726906937517	0.005103707509298878	0.001058489240389472	0.8267440697488991	0.33930057	12.757817	14.866271929824562	92.44444444444444
0.10438383780680602	-0.0031591136884655717	0.3467507459036417	0.02338810369280101	0.296728082782367	0.8293032969021854	0.23261903	23.63276	12.248823099415205	234.33333333333334
0.22639315990558906	-0.00242555704768967	0.42167527456549136	0.12486397097831223	0.4944921825667279	0.889119009656763	NaN	NaN	0.1410233918128655	NaN
0.19273276245092322	-0.0035918247456201416	0.43895529344345013	0.07858327023776131	0.20256574934523536	0.8158011515939698	NaN	NaN	0.5271637426900585	NaN
0.24920598975920902	-0.004144523818994747	0.3880784437354639	0.10331676932626596	0.012830141601881551	0.9075919832996144	NaN	NaN	0.24839912280701754	NaN
0.22364252962780695	-0.0035488124368425133	0.3159998240714086	0.10533010225705841	0.4231511441273474	0.9659996733779399	NaN	NaN	0.18125	NaN
0.24173597496088872	-0.0036902876086451295	0.5274921625625658	0.05452405970130166	0.054450682505949304	0.8119352365309611	0.5037574	11.506949	10.006586257309941	143.0
0.12896249299831508	-0.004781678074507321	0.5254685445925846	0.08738638533982956	0.18036967144066668	0.9466952664317593	NaN	NaN	0.17577485380116958	NaN
0.13117076480406997	-0.0012938284185140614	0.3679343467745786	0.0044796680223961995	0.3122071571573909	0.860817776374037	0.23770836	15.794696	15.261374269005849	140.83333333333334
0.14680965579635596	-5.201808195038159E-4	0.493008582244043	0.12949358240668632	0.29467535266300965	0.8723071265951122	NaN	NaN	0.11595029239766082	NaN
0.032348438708093195	-0.002148211797581144	0.4005033134006661	0.0919914562176955	0.3681875549640211	0.8620872730167419	NaN	NaN	0.13487573099415207	NaN
0.20093459260400878	-0.00473793046644732	0.5040841757376623	0.07568362547188567	0.10740016532578915	0.9852560707697353	NaN	NaN	0.6106944444444444	NaN
0.03550933053225835	-0.0026413051944101547	0.41686928630699327	0.0676970248095208	0.2122526855864143	0.8280754862916322	NaN	NaN	0.19345760233918127	NaN
0.11783804087374261	-0.003528967441019629	0.4613668080320501	0.019247602819289757	0.08266939745220785	0.9112862008447831	0.14648804	20.27924	11.303633040935672	126.33333333333333
0.21668233120858554	-0.003010216331171196	0.5414043844732622	0.04925554780433844	0.4694696782968784	0.9837663028120185	0.15908487	13.740298	9.906586257309941	362.0
0.22270716868628954	-0.002574568897720593	0.4147629381736444	0.005700898660579781	0.14713526589147702	0.8075928955289529	0.42692706	10.662455	14.662478070175439	97.55555555555556
0.22683830964489965	-0.0032800968901653925	0.4047818626247859	0.007357857385587507	0.37634224472403455	0.7968861322020873	0.4345833	10.839802	13.870672514619882	123.57142857142857
0.10841446840880736	-0.003844659487051148	0.3525360668317242	0.05746018439679444	0.41021360615408176	0.7814349781702731	NaN	NaN	0.4513011695906433	NaN
0.2214606513214239	-0.003436862428615797	0.4871741607814396	0.09285903672624132	0.18489997732020824	0.8798845818569718	NaN	NaN	0.2987646198830409	NaN
0.24218331554071498	-0.0049369948067273335	0.47562247200030716	0.03439101184808849	0.22635649989994794	0.8214109415758055	0.41134676	11.177811	10.164824561403508	148.5
0.0398881295900956	-0.0014640510949965302	0.35766568481188854	0.0620624303061663	0.2972433628388937	0.9743691174312765	NaN	NaN	0.24553362573099416	NaN
0.06207336962425016	-8.098241658985161E-4	0.40306989893787193	0.029890583280253482	0.11411574484715341	0.9027686431927744	0.16258189	31.098291	11.120036549707601	0.0
0.18367780406515927	-0.004148449831578449	0.35217004262786156	0.04497097950743686	0.04105195003848099	0.7688405562860898	0.46449417	15.284517	10.76062134502924	175.2
0.07017504343984629	-1.100284901217862E-4	0.474546284677691	0.02373874213316399	0.3343503926829663	0.901994640108338	0.19360118	21.908972	13.571622807017544	338.5
0.025315804624048917	-4.2728778604849516E-4	0.41500279335118195	0.11617155381385282	0.08884795875973277	0.7705469494918507	NaN	NaN	0.11269005847953217	NaN
0.15132624853239054	-0.0018387686054990304	0.5260704786827828	0.03858094636047373	0.4519036652752458	0.9844939017632385	0.12790179	17.07685	11.89190789473684	433.0
0.052871395494758965	-5.117053508862867E-4	0.3793096110093193	0.035929907580393376	0.10046775300163545	0.8519316027311672	NaN	NaN	1.306235380116959	NaN
0.18527594710215606	-0.0027304671237859263	0.4675096026958336	0.1306004377775505	0.4614226730771101	0.9624226986799189	NaN	NaN	0.11865497076023393	NaN
0.07264475207498242	-0.0010768749858218328	0.37878608281049975	0.06604861402685785	0.22922908324788366	0.9214967867811168	NaN	NaN	0.262733918128655	NaN
0.226517795575951	-0.0014484879532639212	0.43496770888460634	0.00269268415913804	0.04871660964378554	0.7576766341734951	0.65232146	9.229565	15.600467836257309	86.6
0.15050157997145655	-0.0024585626745551445	0.36754916599276444	0.06707735903099861	0.17769161862973848	0.9279377179243686	NaN	NaN	0.5374415204678362	NaN
0.09950352138786167	-0.0025221644517104433	0.47795810736050864	0.00827346295729075	0.284147151567758	0.7976630575967225	0.22669646	21.617933	13.26779239766082	162.6
0.1734176254062383	-0.003039081066846116	0.3766317172156456	0.07256466658425444	0.018694049207095154	0.8451222287879367	NaN	NaN	1.16484649122807	NaN
0.19761962046901457	-8.648686880535988E-4	0.4202065683574251	0.011732862628651825	0.004017059462503126	0.9188013098772293	0.24655494	10.723815	15.40751461988304	98.33333333333333
0.005773868381769211	-0.0038425042136387543	0.4043702274232974	0.05420212206160682	0.011510625577744172	0.9038997388015153	NaN	NaN	0.20939327485380116	NaN
0.0821720330107551	-0.0017216008750297062	0.4540754660451806	0.009490857898487689	0.32977103240926325	0.9046963362593635	0.11753719	25.441177	14.264926900584797	187.5
0.05014810290278165	-0.002789672179732298	0.4739424161658513	0.08693691791048577	0.14150571941440215	0.8848187489352424	NaN	NaN	0.14519736842105263	NaN
0.15267256564695397	-9.971185680602828E-4	0.44192877331050523	0.03961589478828485	0.20304506149667123	0.89262057984405	0.30899552	14.055148	13.403684210526315	224.25
0.09974137012318074	-0.0030879319067263393	0.39448488021049055	0.111415508251354	0.0945745545024793	0.7636154070161801	NaN	NaN	0.12507309941520467	NaN
0.2019569771957129	-0.00211191425670574	0.3032755637401242	0.0060364130569577675	0.4771986756711641	0.793316141334104	0.44558045	11.157631	15.293932748538012	127.0
0.18915757173665496	-0.003848724118927249	0.38258262851416314	0.06047087647143111	0.3449439681875486	0.9088062856000901	0.25454614	16.52409	6.0812865497076025	NaN
0.07908848443435496	-0.0028233889945521043	0.5142346281310142	0.11950589616580103	0.0029367794871547515	0.8351934226230179	NaN	NaN	0.10467105263157896	NaN
0.21202240162711725	-0.0032380371262889654	0.4384709442282925	0.018777978453866216	0.48656682422694764	0.8678768050480458	0.2980654	12.101317	12.95390350877193	169.8
0.20961195170250616	-0.003833357454645972	0.3857554673208521	0.1376756231417784	0.27697550664796244	0.8647547101532047	NaN	NaN	0.1064985380116959	NaN
0.12788261457064057	-2.7041758659120276E-4	0.47602643255263677	0.012276520402263976	0.3743790297933186	0.7954023662234678	0.48451635	12.850254	15.131330409356725	160.8
0.11652248445527902	-4.805610289830813E-4	0.41911100530575207	0.1268849839041649	0.08842934253715394	0.8605103440578996	NaN	NaN	0.12723684210526315	NaN
0.12696935786826363	-7.566374645156692E-4	0.42754790881689303	0.11849741507796915	0.06209827419169394	0.772972520656946	NaN	NaN	0.14899122807017542	NaN
0.09629897528294903	-0.0043881534575433145	0.41144490256957705	0.02859766568506121	0.19769414446167477	0.9977822742683514	0.08318451	26.395912	9.256425438596493	319.0
0.159739288747097	-9.08283747482666E-4	0.3834391888380551	0.01652875224159282	0.42802870158351247	0.8970091962327417	0.26789442	12.555582	14.921454678362574	171.6
0.08252650363108166	-0.0036011618492514355	0.3506114100699272	0.05779284435716683	0.41707364569365607	0.7866040793736759	NaN	NaN	0.3237207602339181	NaN
0.01862484854871776	-0.0036894496850229646	0.5332045094763123	0.09801936041757713	0.2694958068147709	0.8164780761792719	NaN	NaN	0.10985380116959063	NaN
0.22499311093168287	-0.002507716706673656	0.49718837136675254	0.0030638731319012763	0.03124441376707403	0.7944286631228599	0.45682293	10.301729	14.39656432748538	86.7
0.18213008100683864	-0.003186371531216	0.4976538274388865	0.06434250936974992	0.020071312103307416	0.8880882273873442	0.33211303	15.129435	7.736432748538012	NaN
0.07469524722980914	-0.0016903821748055047	0.40237402669768435	0.020682869135222486	0.2988771102915426	0.7595441541528942	0.26066962	28.454025	13.313881578947369	280.3333333333333
0.1463009860928049	-0.0010402679219303555	0.3328889482073826	0.10582954757382496	0.10165753271546922	0.7818579254014547	NaN	NaN	0.18540935672514622	NaN
0.24492238933266675	-0.002800208013419354	0.4534956909490638	0.05745787806625422	0.31432935236702053	0.999975504826913	0.15250748	12.627423	10.930219298245614	340.5
0.22567950357063798	-0.0013568036865349586	0.5445027417224887	0.07483277655212255	0.2657861725642911	0.9648955497262692	NaN	NaN	2.7405555555555554	NaN
0.01551533282329259	-0.004586162005173249	0.37406378211615837	0.04784020029492468	0.28029831663339805	0.9262138479162966	NaN	NaN	0.2232236842105263	NaN
0.05511776567375947	-0.0014675144382815875	0.37547269655717663	0.019289008722200438	0.10514660006141884	0.7659026159744939	0.21065475	36.56392	13.113077485380117	287.6666666666667
0.06150392080134925	-0.0033463934811460297	0.43269694667781766	0.049432855053446786	0.2486688451201874	0.9243674825342436	NaN	NaN	0.3430482456140351	NaN
0.015284290896671378	-4.741903245054529E-4	0.4234661760512117	0.08142988293916383	0.22739362681787256	0.927251578887136	NaN	NaN	0.16255116959064325	NaN
0.06862863995099538	-0.004295314046774622	0.43482422876285776	0.009806943372288266	0.1275152222750333	0.8892678926119267	0.09067711	32.36908	10.339919590643275	174.0
0.038336534304160334	-6.566337761907109E-4	0.30269875430203597	0.1033220946736179	0.37869534726893084	0.9355244107910201	NaN	NaN	0.13900584795321638	NaN
0.1967372153389788	-0.004661774729442569	0.3828378693194569	0.05635108209235253	0.2273129559703856	0.7546911468281914	0.49010423	15.390778	8.699005847953215	324.0
0.22606406050100403	-0.0035673695257211454	0.34209815214956585	0.08702032463406503	0.08426630273736012	0.9851185263990643	NaN	NaN	0.47610380116959067	NaN
0.16772074673699042	-0.004748653476444409	0.49432528423079647	0.09375993444651136	0.32888897907260795	0.9901694478644997	NaN	NaN	0.17692982456140352	NaN
0.18082438676584367	-0.0029737969773933463	0.45532537919370364	0.08627772751157636	0.13729172562289865	0.9229349085468594	NaN	NaN	0.2839181286549708	NaN
0.187515533906447	-0.004692960345063882	0.31415141780324446	0.03271119754872845	0.19948673376611487	0.9608696140930346	0.1483631	15.21674	11.420095029239766	175.8
0.15979847724817625	-7.389434876548212E-4	0.32919069671388235	0.11098349835367421	0.016183676419121152	0.9452590036471877	NaN	NaN	0.17594298245614035	NaN
0.2117454930999611	-0.0022681030067428663	0.4444927320666625	0.07028630618042127	0.16154519264652523	0.7787046759760148	0.5835119	13.739371	9.101198830409357	NaN
0.1154855319773079	-0.004256386222294472	0.4551761513884892	0.10478414090565916	0.04301990299232044	0.9207280332770406	NaN	NaN	0.13210526315789473	NaN
0.23181631474850978	-7.662467144030937E-4	0.44744165855158524	0.06175842317195413	0.23138833645683876	0.8092216903940718	0.7150003	9.683718	12.888559941520468	292.6666666666667
0.12993677146047122	-1.7307848339753065E-4	0.5241374951203752	0.13469458623566047	0.31330168994685315	0.9957492713254368	NaN	NaN	0.10776315789473685	NaN
0.04269648388473304	-7.88741566205644E-4	0.49750541882095733	0.010502204111008271	0.4919944995822422	0.8398734790184917	0.12538688	39.428226	13.9968932748538	340.5
0.18699546571169037	-0.003845727646527315	0.3168073823970361	0.0469175325078156	0.12882684247085913	0.8508918529944709	0.35037947	15.908729	11.185745614035087	268.3333333333333
0.10523150346371596	-6.563768579811124E-4	0.37621576518887023	0.11797310050114335	0.24536249892905937	0.8110337638808692	NaN	NaN	0.13228070175438597	NaN
0.15576558506034593	-0.002282037741217806	0.4524577952703206	0.11356395721584228	0.35150928453493163	0.868620505564512	NaN	NaN	0.13223684210526315	NaN
0.1346365287143912	-0.0021287655223574116	0.40814608710565303	0.038959954209284935	0.1057142501438149	0.9615547265977434	0.16552082	19.12736	12.25501461988304	244.66666666666666
0.029673976499523327	-2.1754190080371154E-4	0.4550037563890039	0.10650478463931466	0.26638685280017815	0.7942727071172847	NaN	NaN	0.11787280701754387	NaN
0.18279888839288752	-0.0011934461295854094	0.4369001831581797	0.13863282078471154	0.044871028881206636	0.995793007099797	NaN	NaN	0.11990497076023393	NaN
0.1288210948147982	-0.004471916447505518	0.3099415020263938	0.1171833959135027	0.19684390644453992	0.9734015981396159	NaN	NaN	0.12314327485380117	NaN
0.23519599394161747	-0.002850331766469065	0.4310917927968171	0.009289004417348121	0.48561338416186856	0.9388444751617792	0.1600521	11.887745	14.126176900584797	163.6
0.12883286719547754	-8.15580026805992E-4	0.5168131633988188	8.807400957749026E-4	0.25423587087785726	0.929515004092898	0.1350372	17.951477	15.472785087719297	126.57142857142857
0.21359515640012722	-0.004075924331868533	0.543976784914378	0.10214348831349199	0.3576823448245479	0.9612302303676226	NaN	NaN	0.1664035087719298	NaN
0.17713133287944216	-2.5804652966946E-4	0.34037647068074955	0.12664941336045385	0.22763752338828974	0.9068368340051869	NaN	NaN	0.14567982456140352	NaN
0.013250931250498279	-5.04250060513896E-4	0.4262298293739456	0.02501591684828521	0.08430206062910316	0.8734655912517804	NaN	NaN	0.6855116959064328	NaN
0.24743434267485034	-0.0029439148482001145	0.5293316141294484	0.01992018610421378	0.22734738752595002	0.7930001558662574	0.5121428	9.990221	13.009466374269007	119.57142857142857
0.0580518171853267	-0.00480776180718658	0.3093750248326764	0.13033459200157216	0.25470186354371177	0.9648208847514462	NaN	NaN	0.09412280701754386	NaN
0.015374614595517418	-0.002710541054852577	0.45431885608985245	0.047634042556145416	0.2880654509609077	0.8065519877755898	NaN	NaN	0.23654239766081872	NaN
0.07899194524892078	-0.0033014949711309945	0.33758508331906756	0.0655087788500468	0.2600882665007663	0.8891472479042765	NaN	NaN	0.25230263157894733	NaN
0.16239601505687698	-0.0038233552632555828	0.4169492908952579	0.009664981418380484	0.21432191465772715	0.9838081614745742	0.049062505	18.44809	12.467536549707601	125.14285714285714
0.16045480992234343	-0.001927548347682988	0.32795602939726276	0.09941406849222287	0.4268651579717748	0.8838926321751984	NaN	NaN	0.19366959064327485	NaN
0.13154010735895788	-0.0034604463108158573	0.548867494251678	0.10727334038712422	0.011769441130019032	0.8289421619099118	NaN	NaN	0.1367690058479532	NaN
0.055094793125322526	-0.0035045050518215837	0.3339448236611029	0.1364913000970853	0.17162300621139726	0.9963726563110442	NaN	NaN	0.0971125730994152	NaN
0.2173784452556542	-0.004167453600898969	0.5042685331312908	0.09736656316692856	0.29336187149105547	0.7502251294647415	NaN	NaN	0.21732456140350875	NaN
0.09158875595995	-0.004947694830330769	0.3234244995612664	0.12577797555002249	0.4275156890882147	0.9339878862030825	NaN	NaN	0.1116374269005848	NaN
0.22317632571752039	-0.004746970548038039	0.3009032828563539	0.13444398090743812	0.07922727644525017	0.8440549175330406	NaN	NaN	0.13252923976608189	NaN
0.19020354646210777	-0.001081238368840754	0.46176677322008536	0.1280719289974611	0.05111604781082301	0.9023935783138084	NaN	NaN	0.1365643274853801	NaN
0.011391144316077819	-8.835730914104594E-4	0.43340475799332123	0.04226417216429028	0.42320367246195745	0.9568202979818553	NaN	NaN	0.28788011695906435	NaN
0.058986825979271344	-6.716052660985588E-4	0.4115044819145929	0.0623703664224258	0.11268906632229096	0.8476298769932767	NaN	NaN	0.29558479532163745	NaN
0.10881365915826063	-0.003236258455210529	0.5187544090633467	0.09249821335943072	0.2975404449342603	0.7527420448655642	NaN	NaN	0.15953216374269008	NaN
0.06843735484562391	-4.149533358619072E-4	0.4734564553235069	0.018733294724566345	0.4010441662321289	0.8749099613511708	0.18753721	24.163158	13.835599415204678	291.6666666666667
0.10505305578106663	-7.544857998547438E-4	0.4868813212296351	0.09591912111135155	0.1501790993777673	0.9936159670222603	NaN	NaN	0.16053362573099417	NaN
0.09474711270165279	-0.0038068086101600354	0.5497147831054155	0.010788637888984431	0.13672569594951167	0.7781404819221507	0.20962799	22.650885	10.31812865497076	141.16666666666666
0.15264673450516225	-5.921794158521081E-4	0.4497484711300038	0.009027496930731694	0.016311986607021534	0.8938534850791187	0.26787198	12.640231	15.355453216374269	105.25
0.031131691656430368	-0.0041126830960596045	0.3065997473684272	0.10522729229143096	0.2842736174507134	0.830313183692846	NaN	NaN	0.11904970760233918	NaN
0.18884333265141043	-0.0032059685577434187	0.36982907856765956	0.04342539678657961	0.017577543023042586	0.7513737284735456	0.5196503	14.258721	12.068625730994153	175.6
0.19337646450215826	-0.0040420176125301735	0.30558011581682193	0.05582966756471488	0.48563359687510305	0.7556584889936669	0.44868314	17.181345	7.885014619883041	NaN
0.053062616943723266	-0.0020295986554757254	0.5036123477324941	0.038725150163818306	0.01828626162560303	0.8217467375112072	NaN	NaN	0.7851827485380117	NaN
0.2395250415860118	-0.004205372751964255	0.5022365809848957	0.12182111168684889	0.0025188622782475923	0.8798913502988246	NaN	NaN	0.1405409356725146	NaN
0.22017841714599817	-0.0015158673527789284	0.31770181112123774	0.09031691324882499	0.1284812451864215	0.8495204848033598	NaN	NaN	0.4511842105263158	NaN
0.2346227734681249	-0.003006086551992376	0.38761383828872775	0.020672073480820608	0.15562342583136485	0.8350065289462849	0.40310273	10.791005	13.85486842105263	112.0
0.15810079129069268	-3.306002583545358E-4	0.4141807852355036	0.010918306912286643	0.14842260812619706	0.7968853516004413	0.5690253	10.76958	15.419926900584796	115.14285714285714
0.11960193447805498	-0.002282648017010477	0.41276167360819926	0.12383954647699114	0.0830592698253582	0.8798950284183469	NaN	NaN	0.1149342105263158	NaN
0.09865139514860252	-0.0030700955887617374	0.45821822849553984	0.05349174841376551	0.4382453014102288	0.8657376662338578	NaN	NaN	0.4848172514619883	NaN
0.08875651493313572	-7.768332328018945E-4	0.4459082099111371	0.07638989563952715	0.20923743550347412	0.8875552407265552	NaN	NaN	0.23269005847953214	NaN
0.033430810179116165	-0.004054130828043349	0.4243746629225035	0.12083948396275192	0.0700746136736111	0.8947997611077729	NaN	NaN	0.09728070175438597	NaN
0.24280333533186038	-0.0013551832107751372	0.3625383373862591	0.08194885855814651	0.11863586035504668	0.8438619284588904	0.53895074	11.661038	8.747426900584795	NaN
0.01126946777355772	-5.210396929959176E-4	0.418741681430438	0.02397364399582807	0.47779429838598964	0.8787371204998441	NaN	NaN	0.6059649122807017	NaN
0.11426267172422258	-0.0028576955596605674	0.46166817202782695	0.09299298072509728	0.06649435173126571	0.8017330571159794	NaN	NaN	0.1776535087719298	NaN
0.07093361224417408	-0.004919531466851036	0.3919098077227555	0.05720810194169168	0.16194707636838307	0.9511840134185428	NaN	NaN	0.26942251461988304	NaN
0.008815237324007987	-0.0034876395187598023	0.48681118876239815	0.13912754821802933	0.13044972442840758	0.8880989173774091	NaN	NaN	0.0830921052631579	NaN
0.14202556222792626	-0.0019538361794232185	0.48280837030249935	0.02483110858343318	0.3339074841333957	0.948247034736003	0.14942706	16.413273	13.434970760233918	204.0
0.07040378241066172	-0.004790192578049539	0.3575245150092468	0.05668945959629286	0.013471897026842861	0.9193300578336785	NaN	NaN	0.31490497076023394	NaN
0.23847240256790625	-5.944287483181298E-4	0.5256973724635786	1.9225087237930303E-4	0.19450238331203334	0.8734018321674895	0.44264883	8.79814	16.042229532163745	98.88888888888889
0.05914645092204212	-0.0034951392407923418	0.5370037543683833	0.10976933475682046	0.2491842115922704	0.9437198161073161	NaN	NaN	0.10427631578947369	NaN
0.25263997469391075	-0.004415992266463407	0.41201510123268115	0.05707441759316984	0.3376643039076894	0.9687314474103155	0.20944193	12.852303	9.389356725146198	393.5
0.02961519277546473	-0.0028201555642963175	0.5229624016181623	0.07956553843735095	0.0357490918418668	0.8472443458193148	NaN	NaN	0.14519005847953217	NaN
0.13393902582514533	-3.674515010783873E-4	0.5253966733984314	0.0013210134356956952	0.049488222263127817	0.9111753555026469	0.20612352	15.009205	15.611440058479532	101.75
0.16270655329293923	-2.462479547307677E-4	0.5029869250904813	0.10186361747669763	0.1339726856978113	0.7811374297407399	NaN	NaN	0.21480263157894736	NaN
0.20380797986478402	-0.001415816653735445	0.36197741896072155	0.11585084458083326	0.03722230800642933	0.8958666334806007	NaN	NaN	0.18008040935672515	NaN
0.18719338577102285	-2.857014739015217E-4	0.5117012101723165	0.1253780027145831	0.2091299006368968	0.8468193139250708	NaN	NaN	0.14597953216374268	NaN
0.06916183801010808	-0.0024362434448591866	0.4590814060444305	0.11441765528566808	0.37125853672889125	0.7917301130274982	NaN	NaN	0.10987573099415206	NaN
0.12709482530470506	-0.0033654301332795627	0.4654041440473658	0.06069879952374011	0.1742336532524057	0.9554082340398675	NaN	NaN	0.5075730994152047	NaN
0.04878939857828667	-0.0012451309547624539	0.3835691812718271	0.07875840813309144	0.1560990818813776	0.9072979709826986	NaN	NaN	0.1887719298245614	NaN
0.028238333206912044	-6.449151148126391E-4	0.48036159488447827	0.03665466010557729	0.005070305757855487	0.8154203527160307	NaN	NaN	0.4826827485380117	NaN
0.22176091591635355	-0.0027912395773337347	0.5264802412506328	0.13212402827097958	0.16355951739046426	0.9371695483470519	NaN	NaN	0.12285818713450292	NaN
0.10181124649463874	-0.0043779501778544744	0.4036393194581658	0.0440337454489459	0.14429520718008965	0.8433281502330988	0.23788692	22.658186	5.894466374269006	NaN
0.14367599298818529	-0.004231728948628587	0.3131543873728422	0.11359846564376519	0.3631302829575695	0.8717005778151713	NaN	NaN	0.14357456140350877	NaN
0.12431082825034817	-0.004311209634708236	0.500255691493892	0.05779811625819936	0.4932306630193442	0.9373993461186725	NaN	NaN	0.3666228070175439	NaN
0.20553661583749303	-0.0019256763898328588	0.41775267023928253	0.09008643984022885	0.47045260343647805	0.7943526968233443	NaN	NaN	0.26261695906432747	NaN
0.2021004032422875	-0.002590184966099568	0.4975133537274251	0.09218265657987933	0.10573070042632009	0.7556778856865347	NaN	NaN	0.3398391812865497	NaN
0.03117264905297287	-0.003277053663403014	0.41802225981092267	0.016387475227873743	0.3052756022033687	0.8126672580111665	0.10015626	58.96495	7.204758771929825	NaN
0.1447657103223319	-0.0027143340359128154	0.4366364754655627	0.09638814022786438	0.048575105350206586	0.8940954143472032	NaN	NaN	0.19158625730994153	NaN
0.22247740075510225	-0.0018523021342487045	0.5402610651510951	0.03837335035192032	0.405046312780074	0.8700482267458362	0.3997694	11.119505	13.206644736842106	226.0
0.19463926317398492	-0.0022483181261060857	0.5232952666867488	0.011958763085562823	0.4773274613972412	0.9205162072139425	0.18861607	12.781718	13.99061403508772	162.2
0.1672283033267264	-0.003284559789575278	0.47573656555789706	0.043948203120325706	0.4794443958521516	0.86644710400432	0.29450142	17.096079	9.590146198830409	560.0
0.23022193215674755	-0.00425499652469481	0.4022421356788106	0.11837795949317008	0.2954400011379688	0.8350203681940909	NaN	NaN	0.15105994152046784	NaN
0.02197284503573765	-0.002157259566071019	0.4482999262822582	0.029195199176174268	0.4147087592500414	0.8766385112642068	NaN	NaN	0.515	NaN
0.04877976975718947	-0.0037683846298813915	0.5071138099078426	0.13892205652113157	0.3176103725368895	0.9459196674565602	NaN	NaN	0.07989035087719298	NaN
0.12235255706729711	-0.00133423169708753	0.5286099690997269	0.018900724261968174	0.1445130921667767	0.7950583332948902	0.36008182	16.302963	14.295219298245614	146.5
0.18813040109455179	-0.0030710718497743627	0.3544714243154007	0.13237978054371305	0.14599322990226382	0.874877283823106	NaN	NaN	0.11807017543859648	NaN
0.20531780854666756	-0.005071605784013516	0.37324317637345233	0.02749666523606735	0.2964328135669414	0.9561470044815975	0.14033484	13.820928	10.898706140350878	155.6
0.2195571709959684	-0.003080633795702092	0.3613555593399451	0.05987642470547929	0.48984233637409186	0.9330671455079479	0.22343753	16.073338	7.508472222222221	NaN
0.20195386945426805	-7.087243679434019E-4	0.3670145279514736	0.05237352621733013	0.09970598081174235	0.9287986184786787	0.336927	10.613869	13.401154970760233	212.5
0.03290054624296145	-0.002783362666139174	0.46802593713829244	0.09973486118640833	0.4155062335050938	0.9435606342115475	NaN	NaN	0.11885964912280701	NaN
0.22609365382196264	-7.909416284238863E-4	0.3140705010782473	0.05449165546971626	0.10102562835915078	0.7628624493574188	0.82052803	9.384657	13.650899122807019	179.2
0.09117506040022996	-0.004381180074210573	0.5421353626972629	0.12306148360323745	0.004423431716037696	0.9730676905502799	NaN	NaN	0.09960526315789474	NaN
0.24253527851978987	-0.003126597108197091	0.3577391327504096	0.017254993241949006	0.2805115828564454	0.9746764722811243	0.104992546	11.802732	14.073947368421052	133.83333333333334
0.20554653798384118	-0.0036388821476725	0.4773552643822202	5.634337380802661E-4	0.12186069866029663	0.8787864664737102	0.22511157	12.9509945	12.943494152046783	90.2
0.24951248142475016	-5.236166372923773E-4	0.4607336760649162	0.05771138716601421	0.18979462931601448	0.9973333007138361	0.16736606	8.6972475	13.626396198830408	221.5
0.07217799384863088	-0.0028339105647057932	0.3284251493385047	0.0909844352668604	0.45861052727524876	0.8234300874192849	NaN	NaN	0.15439327485380117	NaN
0.15308367010724486	-0.004788107761084336	0.5461049073527786	0.05230561767300179	0.24830613074334779	0.9397871160598317	0.20530502	17.838097	6.490248538011696	NaN
0.12031408352152267	-0.002719627698427059	0.4957408975292779	0.037489814772487244	0.2017116985649085	0.9635009513162025	0.14184523	21.223055	10.269261695906433	388.5
0.09631035585746897	-9.97980122154448E-4	0.5353237550818015	0.030635826973641884	0.33240158469962083	0.7970058593300846	0.33245534	20.962833	12.916557017543859	328.0
0.14602271080918028	-0.0050156165875779425	0.3859269548497394	0.11833723698831705	0.11847941990253934	0.8725725862981013	NaN	NaN	0.1286842105263158	NaN
0.08348838886130264	-0.0030890370988343567	0.5230494698070355	0.010951269418234617	0.27485628546394897	0.9811562015654723	0.047053583	28.112444	11.289444444444445	180.6
0.24824877524567543	-0.003134813768359897	0.38035490855916965	2.3797625595217985E-4	7.292052941445981E-4	0.9227158925773665	0.17625003	11.881331	14.562273391812866	81.81818181818181
0.059275357467543886	-4.0914589007144333E-4	0.4485001507098858	0.0884788133909123	0.35955691119174493	0.9512794724790468	NaN	NaN	0.16073099415204678	NaN
0.2432588365759835	-0.0011473206062706687	0.3412762109135097	0.04294442658589787	0.31305127588856085	0.8132712173198967	0.6485713	9.249939	14.13063596491228	185.0
0.1643252581304464	-0.0021080114502005564	0.360891019337652	0.06407775751279038	0.3478728326179171	0.8060748945180625	NaN	NaN	1.7310233918128655	NaN
0.010166872758622627	-0.0043645336606148825	0.5251292590076233	0.11579293807335722	0.020339923717269105	0.9569194802605681	NaN	NaN	0.08991959064327486	NaN
0.19299649789289658	-0.0020357400191448032	0.4811424281159915	0.10019718372510578	0.009225787319279522	0.9712523285552123	NaN	NaN	0.2197441520467836	NaN
0.11402999899124444	-0.004404764371857267	0.40466110610929995	0.11318688156976071	0.43550516310975096	0.7584451639444894	NaN	NaN	0.11823099415204678	NaN
0.07484188287927443	-0.001222793427513575	0.48398312972322133	0.01564708540375231	0.04878736911427844	0.809449702827068	0.22863844	25.345827	14.122690058479533	176.0
0.06398952328239854	-0.002172817553856895	0.525771764735854	0.06432323879297323	0.028391108981626435	0.9517108657003849	NaN	NaN	0.24433479532163743	NaN
0.23991940341258183	-0.003007100964634191	0.5136858938216826	0.07429421857508225	0.2300182287094082	0.8569312328134234	0.4345014	12.905843	7.5935307017543865	NaN
0.19210636110819443	-0.0038510289503151966	0.39144405518977243	0.06284685816970711	0.47139879148269936	0.8451775842238518	NaN	NaN	0.9349634502923976	NaN
0.008480140441527641	-0.002461007059408056	0.40297128684610917	0.03745566038156407	0.37892363650833955	0.9471905598749883	NaN	NaN	0.31930555555555556	NaN
0.1339013031575868	-0.002758056365974076	0.4737645383543161	0.11855986054161934	0.26615845615784567	0.8158068664858483	NaN	NaN	0.1172953216374269	NaN
0.16829466032329024	-0.0019513986836731407	0.38810175696045396	0.11748769626030155	0.33043478955009903	0.9671787856967481	NaN	NaN	0.1457090643274854	NaN
0.25415941199445446	-0.0037842552995530393	0.3058711923739351	0.011819603838548852	0.09881899990829938	0.9353703668602498	0.17320691	11.327855	14.111666666666666	89.66666666666667
0.16777193623946968	-0.003440769688971216	0.3038620005059658	0.02685478581735537	0.2352355984149211	0.9071604805002901	0.21241814	15.870629	13.106659356725146	172.8
0.0912940385831072	-0.0020587605080444565	0.44868099667092237	0.021826857432745435	0.10911995133619916	0.9620693555653773	0.099635415	24.630728	13.037536549707601	211.25
0.11010484777894078	-5.051442535738743E-4	0.5499829469009254	0.09881290093152975	0.48763991412201213	0.9601714569436604	NaN	NaN	0.15973684210526315	NaN
0.24049004879646585	-0.003543432889777499	0.4624557939538497	0.03263685006920584	0.030384230104277755	0.8339312093092526	0.43311748	10.917966	12.08610380116959	114.42857142857143
0.23294394117340977	-0.004006695490601346	0.5456154891587972	0.08075374635050918	0.361784018574414	0.9517103801930806	NaN	NaN	0.41886695906432747	NaN
0.059956831149828575	-0.002382621254985248	0.3406571973649675	0.0594190496651618	0.16391722514945317	0.7587016812731099	NaN	NaN	0.290906432748538	NaN
0.04955609819739453	-0.004914556783473613	0.43069641500004685	0.03923085668469535	0.2544347406131401	0.8346419192108696	NaN	NaN	0.4498830409356725	NaN
0.16592081647888363	-0.0030652263381061714	0.43312158487158986	0.08624753098003557	0.3920205739362458	0.7578915141445939	NaN	NaN	0.23116228070175437	NaN
0.06106749770305855	-9.167430770830714E-4	0.43247286639410404	0.0707257924678676	0.22812341722010904	0.8683223434744283	NaN	NaN	0.21690058479532165	NaN
0.13047327425685287	-0.004776844787609534	0.4473535978448699	0.009522071880358888	0.40892679347580024	0.8402625926075291	0.1928646	18.355453	10.65359649122807	166.0
0.17522021253415904	-2.092568963927454E-4	0.34206292427028845	0.010312155746770062	0.32810118364188956	0.9146791958692687	0.29309526	10.625606	15.588077485380119	134.83333333333334
0.11206327689227724	-7.348086313478779E-4	0.4206918811291894	0.07800098478135963	0.058433362699672024	0.8523534927997636	NaN	NaN	0.24612573099415205	NaN
0.18508940946186236	-0.0011853728324784396	0.43972877379507663	0.03153735683654405	0.41077132996137555	0.7773849152089108	0.57117563	11.4394	14.199298245614036	210.0
0.08128672077076732	-0.0018077263717382929	0.35224308431000306	0.07337007970710673	0.11086258846147116	0.9806461524751852	NaN	NaN	0.22782894736842105	NaN
0.12141319101621034	-6.787559283900679E-4	0.4685252534450164	0.06506661814171709	0.46978932494263137	0.9333598917144391	NaN	NaN	0.3987719298245614	NaN
0.10467144622619401	-0.0013236687844407973	0.4718105171003526	0.10427799521549447	0.49019629847014334	0.8616649077107286	NaN	NaN	0.14696637426900586	NaN
0.24457970270581328	-9.384842444193897E-4	0.3841603647799674	0.12892078026621293	0.17893172075410674	0.8586237250356865	NaN	NaN	0.14384502923976608	NaN
0.06639458987935548	-0.0016674340957931583	0.4035612280016321	0.109836461270312	0.3748319969785528	0.7926759623561515	NaN	NaN	0.12202485380116959	NaN
0.13689617869612541	-0.0016322091905628855	0.3542657018793832	0.049489181586872745	0.08811978590252399	0.9329841115406022	0.23349705	18.605324	11.053676900584795	454.5
0.24229221848422078	-0.003057363886827631	0.5048804183370553	0.0017149946201816776	0.24237977187405813	0.8767199667718905	0.27801335	10.918185	13.714883040935671	89.55555555555556
0.042532229037427254	-0.002885602484932278	0.34282358593227513	0.0019108976485456796	0.11064437259017022	0.8702109981785732	0.059441973	50.282745	13.552777777777779	171.6
0.04213266476967644	-7.75971383404278E-4	0.42575472283400106	0.06715282267940104	0.3102670219991561	0.8314622574724706	NaN	NaN	0.21475877192982457	NaN
0.031484706908748626	-0.0036719018817836457	0.34523390558996514	0.030892264317716113	0.12567318963473506	0.7621893893361659	NaN	NaN	0.6394298245614035	NaN
0.25492371962603405	-0.00410618364502833	0.44110586766000215	0.04446668731535675	0.4396404297270538	0.891784702409484	0.32858625	11.73389	10.527602339181287	253.0
0.23505406918387303	-0.0017647814958948503	0.4364277516874737	0.00856577550343661	0.19053227511534426	0.8970772982106863	0.2935863	10.220961	15.251995614035089	105.5
0.01801024801006734	-0.0032962855790432083	0.357763914824458	0.137951605911014	0.4201526983197839	0.9911702313064832	NaN	NaN	0.08743421052631578	NaN
0.06365224302910083	-0.0019609373017724988	0.5085458676342816	0.12659494351832346	0.012038308045769431	0.7627161343295599	NaN	NaN	0.10211257309941521	NaN
0.23389254912862276	-0.005041696144343831	0.5392242971863905	0.12645244987657286	0.1376937821786337	0.9667453473218779	NaN	NaN	0.11769005847953216	NaN
0.22327963893491098	-0.00336569323803828	0.40599926761430827	0.12339191868223112	0.4653186428176727	0.8274489972921231	NaN	NaN	0.14692251461988304	NaN
0.02905719518385019	-0.0022304930525610172	0.32497539427747024	0.05132760069540145	0.44597437439175264	0.8973480721818454	NaN	NaN	0.28443713450292396	NaN
0.24471387187175536	-0.004215594574040039	0.36421512558910724	0.11403925236046146	0.07209108726370499	0.8010979706602201	NaN	NaN	0.18215643274853802	NaN
0.08666082567199654	-0.0050521437947681136	0.3470136484960109	0.05503180825633391	0.11609173772165197	0.8531781192847248	NaN	NaN	0.4119590643274854	NaN
0.12934552593749593	-0.0039863725575159424	0.4740454776692941	0.0802942346836528	0.4582857357326224	0.8691348846488238	NaN	NaN	0.18861111111111112	NaN
0.0396437290445552	-0.0030151882324002195	0.4641805555534799	0.07511370776332571	0.025805950713324078	0.8094630837926455	NaN	NaN	0.1680921052631579	NaN
0.09767620122413048	-0.0024028264596222034	0.326677020796002	0.09090393938659784	0.40317610590685143	0.8630504824913523	NaN	NaN	0.18665204678362574	NaN
0.08277396576188614	-9.596580722832826E-4	0.49516114290236185	0.06805431975112669	0.27222695628795945	0.7551388581525517	NaN	NaN	0.2657894736842106	NaN
0.05076185600721913	-0.003429084013443166	0.5439296005585053	0.13037113978553572	0.168847112581685	0.9795853808714184	NaN	NaN	0.088296783625731	NaN
0.05123391131676546	-0.0017838065290729983	0.38337605998719576	0.08906625209224418	0.1479608169245622	0.8607944562124533	NaN	NaN	0.15183479532163743	NaN
0.22133925711192376	-0.004373364284877067	0.31606699772090496	0.08128594351460913	0.35986261858144003	0.990831724575524	NaN	NaN	0.3841154970760234	NaN
0.16966016601145875	-0.00433226205786792	0.3715794202107755	0.011729120630057268	0.4114858529095141	0.9580709442185422	0.0959226	16.775219	12.199912280701755	169.8
0.10001626421957255	-8.907826908799465E-4	0.35366760206277326	0.11537501609937524	0.10840529085042115	0.8962477222360632	NaN	NaN	0.13891812865497075	NaN
0.24903386626484542	-0.001714007999880775	0.45074220923175434	0.0831551262758585	0.00762741787308795	0.7753309530979436	0.7246354	11.484432	9.417076023391813	NaN
0.07273645197591111	-0.002910900079977761	0.3117138515300878	0.06951995061709557	0.40994684712127855	0.9063479896006238	NaN	NaN	0.23556286549707603	NaN
0.04949250858132858	-0.003233628677588245	0.5267560835079728	0.05425952349594981	0.3534722129467758	0.8717299392014585	NaN	NaN	0.266812865497076	NaN
0.048746330908500744	-0.004353634485844098	0.5128580858070267	0.1311584196205405	0.4486667305699423	0.7662406627198153	NaN	NaN	0.08475877192982456	NaN
0.08499549345527171	-0.0021280533183424253	0.419635043521411	0.07465414835238443	0.4989113360780683	0.7638220872068608	NaN	NaN	0.21605994152046784	NaN
0.19349847517736843	-9.278138826938492E-4	0.43280892487247574	0.13270631775053804	0.25037257882572134	0.9752782500692345	NaN	NaN	0.13237573099415206	NaN
0.0708245915820151	-0.0014035653224829625	0.4732224053367241	0.023687936832620184	0.3992231880337526	0.8455233808840988	0.19464289	29.770782	12.64686403508772	400.0
0.20831639578509473	-3.310677005622974E-4	0.41395597668673195	0.12692631080212544	0.4835859263180223	0.9368720113464218	NaN	NaN	0.14328947368421052	NaN
0.007136780598635618	-0.0012641379679836234	0.45892823359648444	0.02922685814255723	0.19970572027777544	0.8636311821927711	NaN	NaN	0.4437134502923976	NaN
0.16822708656585544	-0.0027879150747495696	0.4437120732504386	0.09451768549396246	0.19674173793417954	0.9799907194728295	NaN	NaN	0.20827485380116958	NaN
0.051210717559483664	-0.003912190702701664	0.3547273203443563	0.031896392416815696	0.32933961511506815	0.9271642117877867	NaN	NaN	0.8611330409356726	NaN
