0.19671502944736682	-0.006347967747608244	0.02760463973557721	0.06142034052753781	0.9784724708584492	0.6539666818643409	0.006432235	NaN
0.040571152708112006	-0.006083258739144353	0.04092053559492195	0.028781090002173836	0.9816240674713544	0.7049978257216422	0.003600733	NaN
0.12915515843959338	-0.004533054607525877	0.12309486473273987	0.007379555709351579	0.7998583718610791	0.7058061759844388	0.22334802	20.380554
0.07956245733172755	-0.003263976078126838	0.09018543920605772	0.08917676444623027	0.7884061594875387	0.9412080838614295	0.0027728938	NaN
0.13656688784066254	-0.005195353471541225	0.07173115038627599	0.08689572736963429	0.659527847101031	0.7312464282443345	0.0053040297	NaN
0.30132619103526426	-0.002388060444751145	0.035995708216266374	0.08292060943600195	0.3969582811420923	0.9083449001959675	0.016351646	NaN
0.022408326566296106	-9.74830854851959E-4	0.09909735261605183	0.003856940271949377	0.12184214968260212	0.38689631422747145	0.09314652	99.24556
0.22099951048990815	-0.007011767398475684	0.05361962373579896	0.014761978854133112	0.8022039418740867	0.8742669304326666	0.175304	16.140055
0.008685503232083431	-0.005159056417307696	0.051034024364374056	0.0113554640121684	0.7245926538118836	0.7560728639528247	0.008029305	NaN
0.08213892628573244	-0.00508870730382805	0.13876136169497177	0.018810401736317074	0.45757985270239376	0.6445578323884604	0.20632961	30.915167
0.2610959151910843	-0.004471003856854677	0.024434959009693807	0.07693260955690824	0.16049346127879918	0.16473143512024388	1.1351207	12.894643
0.19242759449753913	-0.004333673373629879	0.13344867511307681	0.07531714271182274	0.8100476501828556	0.4090248792452646	0.012216116	NaN
0.2687293757988815	-0.0017148625110609517	0.011781476719072072	0.01928834419644582	0.9949805676843698	0.6150236620510261	0.03385716	NaN
0.15105093304733752	-0.0014610054624943562	0.10405588257614046	0.010676158555546033	0.5317195110174932	0.0071395163937921224	0.8822084	15.9505205
0.21512124859730616	-0.0030436208539303326	0.09054060657418353	0.08356111838686575	0.9794336400597202	0.22260253581189662	0.010212455	NaN
0.03319747854030828	-0.003596897268221037	0.059140988580306385	0.027559407833108375	0.43226244030902794	0.16526779558599042	0.023901097	NaN
0.2105585343425212	-0.0033944155350371166	0.11618994579039636	0.0027617734030472617	0.7713773298068198	0.6512331921559026	0.4114213	12.518509
0.01931040394086661	-0.00649415545150118	0.04897495895391885	0.04554878155626057	0.7058746014282642	0.5503191401715889	0.0047728946	NaN
0.14176984612288793	-0.0027636100942885953	0.11339374032551962	0.021861506242258067	0.28503519838728	0.7617410133560417	0.24906237	19.541533
0.2820074932425388	-0.008350775699110965	0.0809654742844542	0.06951163140045603	0.5456306467225761	0.8659545921956558	0.014978022	NaN
0.1344856713560599	-0.0074632967854686184	0.08374146800963887	0.01838735264803746	0.8668016396126408	0.4874304223652682	0.34451297	25.175514
0.2720058200515531	-0.007050292011279339	0.035626625375975024	0.05328920903991196	0.14637250438088711	0.6971390762635835	0.5346118	14.95187
0.01683589296544142	-0.005314391655744535	0.1404718555213513	0.009169609707449428	0.720762530385014	0.3552427175659122	0.057681337	121.93835
0.2759301235506638	-0.00550222024809218	0.07632022672663999	0.06002701791914446	0.8150754660273677	0.37879692695931827	0.028732602	NaN
0.21715690083042077	-0.006888718497636347	0.06074204313573089	0.07711424396630279	0.4993375400375092	0.0614861115818416	0.039560437	NaN
0.25355182064715404	-0.0014650053335473613	0.09269373813643633	0.037673421734569265	0.31474868687725654	0.8302362939919103	0.33601105	13.115153
0.028511206776781945	-0.0024134562084165007	0.05426333007622575	0.06453923987399213	0.5234329522560514	0.09776867356676448	0.0060219783	NaN
0.29979870147439913	-0.007781745658171204	0.0625638879083225	0.06880753822684677	0.284432759639403	0.05584481069738644	1.3785938	12.268336
0.024077817007180355	-0.004796045730695501	0.023511567654780775	0.08071744162577182	0.3051856352841721	0.6053914660994488	0.0044358973	NaN
0.0177931440122108	-0.0033505581187480054	0.09994438632075392	0.0380298092014518	0.5037364104725242	0.8617283068664929	0.0054835165	NaN
0.11255226034904312	-4.1613615073631693E-4	0.05523214470931985	0.07080938981609655	0.5144447056952999	0.40912007436916026	0.01319414	NaN
0.03321985426209934	-0.002386807277259628	0.017990313063353157	0.027658298468888294	0.30560773947158154	0.29306298421695426	0.022890115	NaN
0.2808003992926301	-0.005863369216843874	0.0355960042965372	0.021348220973045184	0.457579641052304	0.5491413468281543	0.7046371	12.121039
0.22749195355212137	-0.006613520526405008	0.1148309718792207	0.04342111084183148	0.38566481444489464	0.3231638365340091	0.8318316	13.250999
0.18224090227842984	-6.757840628638853E-4	0.022125137134480916	0.04385468452732528	0.32401884837758926	0.5951353262894676	0.5160147	22.065613
0.21747723506426522	-0.0019391618635565323	0.027587210971598865	0.05622007654115489	0.3104137732517325	0.47483334465629445	0.6938388	17.58895
0.19378645271660616	-0.001353345543848206	0.07439238312738956	0.04301387084927797	0.2021154141737892	0.5771444766378618	0.560315	17.09025
0.06296444558352658	-9.485393622699377E-4	0.07531851937591677	0.0038630734015128697	0.190062364336458	0.2686484379181868	0.28741017	37.05202
0.08165442308058814	-0.007484579758317094	0.122512418348479	0.04913622703420243	0.171501999089416	0.5215065464157661	0.017245423	NaN
0.13959232800731236	-1.4297542227561825E-4	0.1252192728230205	0.08792217812378163	0.5543896375023404	0.721868794269078	0.00652381	NaN
0.18696318503020018	-0.0027315246944540155	0.13757726775198498	0.0763539700774528	0.8440391023268494	0.32113330959900993	0.010959708	NaN
0.17463221166200493	-0.0033199624394120624	0.08808285794173759	0.015572062423795363	0.15226248507301293	0.5354050508602893	0.49052754	15.506409
0.16576055723462776	-0.002669182151958386	0.04145155038863713	0.028170063134036288	0.4497767206700628	0.006863451376396666	0.9474651	20.000069
0.10580782120395711	-0.005780392925608177	0.07887656072063062	0.054397831819253624	0.9868927565572153	0.1115732329994643	0.0074395593	NaN
0.1949865673575363	-0.0010703820493020253	0.11472932902173143	0.040580326700379865	0.9480413931313251	0.4172963468089738	0.016446888	NaN
0.08925402164063832	-0.0011930341218449867	0.026219310137050218	0.059733782288618066	0.199808295100918	0.1531799389331708	0.030923076	NaN
0.18585304404285938	-0.008165447292204125	0.11116615012358727	3.042584872096742E-5	0.5868264077468985	0.7896222377347822	0.20858237	15.003238
0.15175917198426522	-0.006931290970421419	0.1006286541449977	0.019104281553018736	0.9267646014165195	0.28703314993462453	0.30334076	32.149815
0.2292280236163729	-0.001688275614484064	0.06453661701593333	0.008947823706755169	0.6361048855133129	0.9099052700682678	0.14746514	14.487179
0.254603636656068	-0.002526383725450409	0.1356024833139747	0.046785296020686484	0.16845314675504192	0.945453720019592	0.20112826	12.858574
0.23384344730681794	-1.4642884265334092E-4	0.09962950280209885	0.04550496259579979	0.6825016568907839	0.17624680478961305	1.0042851	15.2702055
0.1116001193890992	-0.007553930840737083	0.13792526809924965	0.033389791056378314	0.8478657801098779	0.6253759595839993	0.014824173	NaN
0.1075002006759003	-0.006722546720300401	0.032979180995398545	0.026623326804987735	0.5939511133714591	0.23105996860969333	0.472337	33.33162
0.08235933388182266	-0.0027875235224002846	0.04403784303633125	0.0407025551601186	0.16455425809958746	0.618168210046343	0.04586813	NaN
0.07392473377205368	-0.0075278829644989985	0.13094383844983368	0.044019128296780625	0.643534885593553	0.7215204787858085	0.008684982	NaN
0.24334759163124925	-0.0018132308166674213	0.057883900712877336	0.05074972998914399	0.603777174418094	0.38038015816823845	0.80068505	16.631355
0.11353734434992573	-5.859811302035441E-4	0.12287765625745783	0.012319855737334955	0.5216344523043094	0.23592373330634667	0.5351427	20.727463
0.22397069189583402	-0.00550307594512572	0.04234563181173111	0.020285592656930772	0.9156557860631686	0.8738287323212319	0.10343224	28.946215
0.16512233939952647	-9.254918062064157E-4	0.12540589134681904	0.055946923954656946	0.7648501575769262	0.5533755520698971	0.015263735	NaN
0.18271176133080944	-0.005793377946117722	0.1312051875154456	0.07751393171139326	0.34596429923050154	0.4687724533162167	0.021824181	NaN
0.2272459460220234	-0.004505851823975584	0.020198451946015866	0.017563196822280868	0.18882960706907753	0.027371432843464518	1.2137213	14.853315
0.2892682849743108	-0.00110544894885634	0.001517786616818592	0.08693358841234915	0.576058579171256	0.34999230845177437	0.025	NaN
0.2532483105878786	-0.008388029362313039	0.06214936333997301	0.01542518202553568	0.7302149338961668	0.19057826730980146	1.0163776	11.67647
0.07267685492745102	-0.00748149657866227	0.1373565691833331	0.040707519754454344	0.714701715480577	0.8189970242930658	0.0063699633	NaN
0.14174126770228573	-0.007594760997621182	0.017506138927031133	0.05995815218272665	0.18035944785018032	0.5461234304709068	0.04480952	NaN
0.09258197597485895	-0.009087676245403749	0.0050885029597268925	0.07090200535526767	0.8791734089673806	0.4195018674835252	0.0057362635	NaN
0.1857741532919319	-0.005480684645441688	0.042254899749579536	0.03128857878687785	0.5302809420411279	0.96371714879082	0.11994503	20.944206
0.2910982656753038	-0.00415909179919093	0.06766486339486195	0.046327378918855626	0.9070541968447399	0.44899217789397483	0.03034798	NaN
0.2581853857253381	-0.007152499660648556	0.009953691601587936	0.029321610724002765	0.542510382511045	0.1607876610194549	1.1190147	16.68649
0.28613332871608993	-0.0027281454575815967	0.09085901238500868	0.030533940633269946	0.6534544289230644	0.15017656892599623	1.2908897	10.815752
0.17813795704511545	-0.002542761708902265	0.005218253907355392	0.006242558263446789	0.7210606209826205	0.3938921693750698	0.6294835	18.912611
0.1735816861466329	-0.0015879888828810894	0.11795844460349748	0.013776457991086571	0.651211756073391	0.6908594006958003	0.33939213	15.760256
0.02444240782791018	-0.0061481441837116565	0.11420119215468917	0.008049626260988185	0.2656818652694726	0.7343827385340832	0.060011014	95.092255
0.11546783622212915	-0.005896927755340255	0.031117270189923777	0.011457937415746139	0.8437099080322047	0.9628183539568302	0.052674	32.992496
0.23500155870644848	-0.0071939783706622875	0.10666718545704858	0.0068913646772761706	0.5708863947164536	0.13145234972347555	1.0363078	10.687556
0.1039098476479825	-0.0046274853668219805	0.07739956290884648	0.03469811554617457	0.6414753183109106	0.23266006535214617	0.3228718	28.629465
0.2585663719403497	-0.007081608914893385	0.015653627121064086	0.019585685846689384	0.763916967454686	0.9024646408419222	0.1732637	16.911572
0.006692541618619248	-0.0057054315536220375	0.11549311504193929	0.06524439048913362	0.40458708847271674	0.7845451854776087	0.0041098897	NaN
0.3049731900052034	-0.0014135770740357095	0.14021780079072926	0.04973835390115555	0.968899359658005	0.3154797327620875	0.021901099	NaN
0.019282472951438652	-0.004169434915244562	0.0751475152228654	0.03695265358313284	0.7131898455251496	0.8915249182584931	0.004622712	NaN
0.27313763118704276	-0.007673872675332837	0.06440839832617586	0.041357385217520554	0.5368610600563563	0.5385295806899019	0.68398184	13.177355
0.27028478157624436	-0.002011097789273307	0.015589552413828561	0.019512778401319885	0.45802773843905986	0.7358105475283567	0.45028558	14.011765
0.12231139829078899	-0.002766471009919648	0.0613609151733962	0.06077579764575161	0.2931145512678796	0.4554669202918359	0.030102562	NaN
0.052635103505431574	-0.0035279839322736365	0.06149321138490112	0.05697827124740364	0.6619218268080652	0.2908115243330431	0.008194138	NaN
0.19146317308042243	-0.006085097917200317	0.03530319164378005	0.061048644116218596	0.8246951246868582	0.6403159598770469	0.010260073	NaN
0.18123748380204757	-0.0040388545960983345	0.12553080175732118	0.04398186539352021	0.13149191337518668	0.6488199701468355	0.44430038	16.373543
0.16412574938103222	-0.0026006422216345772	0.06626905418098743	0.06878133543716133	0.4611092478565886	0.1919863754416733	0.027989011	NaN
0.10930240082220662	-0.0036706739971298827	0.05510583694908156	0.016278586740113225	0.7361781599502779	0.8533947291980439	0.13036259	30.286985
0.02165662599452389	-0.0076098627016559705	0.04245477660339876	0.06757469651254522	0.8915911382928828	0.11717774040006601	0.0034835162	NaN
0.2703068624684508	-0.002631051778765998	0.007567708220707265	0.019455106547220876	0.11874604744152811	0.9568043811014877	0.12389007	15.172385
0.12659001474460302	-0.008290011129160167	0.1134147376323764	0.08493829683219443	0.11138179210836283	0.54169867041512	0.011934066	NaN
0.050291554149119434	-0.003927637982386682	0.0030321751162232695	0.08027895363329236	0.8579629702474622	0.7859254113454358	0.0027802202	NaN
0.029613514896651757	-0.009048722335194274	0.013679437658531725	0.07062703743302429	0.49823566602286995	0.20685204709720922	0.0057362635	NaN
0.23612797213751416	-0.0028875929717093957	0.08688114944361648	0.05923341078388872	0.530012854917941	0.7491606259859702	0.063538484	NaN
0.09868337649767833	-0.00484699587020298	0.07089069180363754	0.04389705228094253	0.6884270597014291	0.48319768210472236	0.018069593	NaN
0.12943142764849813	-0.0050655980351779735	0.09508925719825354	2.937217025358685E-4	0.55046969368986	0.9652427559006652	0.025600724	37.24583
0.12689739648853737	-0.0022053212913967966	0.04518560284740016	0.08515547491862584	0.34896923499131705	0.505293745509013	0.010897435	NaN
0.2629638366654154	-0.006207983402686113	0.034724068483732724	0.05494745424135017	0.5232795724131063	0.03381902514595456	1.2399778	15.740012
0.08697543068168531	-0.004478979754949374	0.027322556960228082	0.0238945916146035	0.12957618296979453	0.9867401012517011	0.07646886	40.21482
0.2066630680173566	-0.0038633932149067848	0.029290936422833508	0.001846658437970964	0.8772046955664087	0.9002748681739896	0.12143958	17.289774
0.2645525184369961	-0.004208271652998411	0.07192930494292434	0.03965453386521376	0.5240879116838996	0.837199533824561	0.3161172	13.861922
0.1038537365792667	-0.003997014835176627	0.05404275193477051	0.011301743591541919	0.23356157231229546	0.5009485547461123	0.3165714	26.597183
0.21997041277868504	-0.0039129078470936055	0.059264774589378226	0.08604952410738811	0.37664684003297166	0.8464572502762082	0.0092674	NaN
0.23473716777374037	-0.006575749594161226	0.09994902421682327	0.045086699449918756	0.921840053383283	0.1841133087203712	0.027494505	NaN
0.29885860825854693	-0.007607019975338711	0.12402314200261436	0.03962135288959363	0.7328541528302636	0.44939415109915803	0.77351665	11.722114
0.26392628423945597	-0.00254580151891982	0.1167179895058804	0.07672262115298387	0.34191811302728087	0.33185939381343177	0.29210618	NaN
0.13552644157745652	-0.004562227145846653	0.04297024118688037	0.08544967293893926	0.2604513485349525	0.9171964190245694	0.0063772895	NaN
0.09158417443138962	-9.220147825829911E-4	0.015089628628770058	0.06554123253073048	0.4630916477234168	0.10529630105546728	0.018758241	NaN
0.2700434387731787	-0.006440918873159002	0.09458927958084153	5.227068455864291E-5	0.14776376152530507	0.25640147153385184	1.0377396	9.524115
0.09364294404037818	-0.0018498921425796197	0.07656672056175276	0.009402357047943838	0.25101723636373985	0.8425132234393372	0.11382778	29.404034
0.029865323811073114	-8.603948013322123E-4	0.1334243660419119	0.009149468064374718	0.4312091627563347	0.6146899146843751	0.0935018	76.39103
0.20562260279153896	-0.008486574843647503	0.06482526831493998	0.045949081577525995	0.9239199284314252	0.33728623099426885	0.018424908	NaN
0.009968791337943844	-0.0047307235554359724	0.07944723140061566	0.02334531877817486	0.20561582396564237	0.12027322853541918	0.00869231	NaN
0.27673755320199606	-0.006376171550786461	0.11724481328131911	7.315826190046182E-4	0.559046584275452	0.00960150416763962	1.3854107	8.860817
0.22168853015957501	-0.006335166625252986	0.04853416889890282	0.06869431098893622	0.43291100653538084	0.7816989829701619	0.025293041	NaN
0.29627122492731933	-0.008667670534958845	0.05732346537703252	0.05241540251339084	0.4993500160757268	0.8720760919217202	0.29247603	14.319194
0.069805372133423	-0.0060917298113781215	0.0040269200671652	0.04147576016376214	0.4859324250544804	0.39329771374909295	0.023084246	NaN
0.17261756969549477	-0.004040272324516167	0.04919158297740128	0.030612188226778213	0.44876699109361984	0.1667015739671843	0.8161538	19.024473
0.059915061617289246	-2.4789146917253923E-4	0.09136302051840005	0.06728910807828081	0.6446809926575845	0.2781305659087435	0.0075750914	NaN
0.22693072414684687	-0.004561334530056016	0.014012358140578537	0.030630660764520746	0.2922080970354135	0.6176103832255109	0.5422089	18.394173
0.03371247035180552	-0.0034177761533193845	0.08789775357736486	0.05381190479740931	0.5022752797569557	0.2055613661117292	0.008080585	NaN
0.04799257379820592	-0.004906216357296361	0.06475669001980125	0.0816429215385671	0.6335057911386773	0.41937106843257255	0.0051978035	NaN
0.0785566938838216	-0.0038720237993510424	0.018301669317508717	0.014228151936367527	0.4371841958428112	0.8976743736378238	0.08535534	47.002174
0.142700467393895	-0.008417167424051554	0.07066402986059217	0.08039587359712297	0.7110708861575499	0.3254555259003509	0.011021978	NaN
0.2595377682733061	-0.007835325211476282	0.09230425988747733	0.06443836489880878	0.6670057096554204	0.2262859164285791	0.062849805	NaN
0.007495693941711052	-0.00837000431338054	0.13565003746423876	0.051669848992300316	0.22688683861888748	0.5667905577554564	0.004699633	NaN
0.2772463478355363	-0.0027350787664309375	0.01606616649959383	0.02170354547031861	0.3171261037503356	0.47045822809785903	0.8627546	13.399893
0.1400960069591518	-0.005552669151957216	0.005996135123646957	0.05919633313966878	0.9097251622711067	0.7685048779557646	0.004681318	NaN
0.2625531256072763	-0.005376843532376091	0.09109896626843358	0.015353938807457258	0.4150353496910867	0.8812135779232093	0.2081575	12.208356
0.10806360628287982	-0.003838870217005258	0.03185528066643467	0.02669385820749803	0.4280937170420397	0.5761148201697881	0.3162088	33.38554
0.08093514749729527	-3.9824350707053536E-4	0.10541332972457913	0.06160935018586532	0.7578910309160597	0.25196877612719026	0.008388278	NaN
0.09103294584439107	-0.002862847846496912	0.11443245004650124	0.08806596724276872	0.7724341974418693	0.33585357006761124	0.005684981	NaN
0.2332418307861757	-0.002072702184941953	0.08046308970198776	0.034411336621426626	0.6971140078359688	0.2556629855091876	0.9308422	14.394295
0.21684064678647616	-0.004167922746907916	0.01614759506077953	0.06862742638895225	0.23946347702619894	0.9014425346771648	0.02357875	NaN
0.20727377722564802	-0.005597867969993232	0.06446435251411943	0.0024586660732499456	0.5393662754349252	0.9588358799476631	0.05333699	20.291357
0.018342775417384244	-3.1182202665410434E-4	0.13466301253002647	0.04548453723845849	0.6743078371501925	0.4611283409435451	0.005040294	NaN
0.25515302312452987	-0.00541081055346463	0.11780572191772724	0.07936587400939224	0.2782018816324349	0.16202878393305364	0.49309862	NaN
0.04737279030227423	-0.005365890149944523	0.06335631959829147	0.044892806343339205	0.258207507140743	0.19106496918655358	0.014135529	NaN
0.1451938626909597	-0.008823050814041429	0.039527185882927196	0.009030785064611397	0.34499909659728567	0.054427894287113025	0.720663	18.902344
0.29508632640540505	-0.005043137942588224	0.12064442338525595	0.02754985858491397	0.7710733942575896	0.5559075258008102	0.67233354	11.062045
0.26383883441039413	-0.008363209543594676	0.055232099315143716	0.06190041380779582	0.7014728426817751	0.10624699395722492	0.08121246	NaN
0.1838569974273568	-0.002331687196389296	0.10851308968778327	0.049353833026226604	0.209056440804676	0.17400354371270949	0.8928428	16.127329
0.023204837612997284	-0.006653540787328139	0.08630835884616257	0.059865655597577415	0.4891329915437349	0.13775556454596893	0.0062344316	NaN
0.11493044410032767	-0.002995517096449358	0.03668096728873862	0.08516724278783112	0.8975438926617851	0.3626162060974999	0.005630037	NaN
0.2628899739580179	-0.008428835977087714	0.06797157148429951	0.027993651618978512	0.8034956376264045	0.12949946643233304	1.0520619	13.126536
0.17821162328683426	-0.003633524510571964	0.0830260927811619	0.006573531073438555	0.4096260726771941	0.7721964648639597	0.24875835	15.84319
0.12092206330577165	-0.008432170811456014	0.13940477354609568	0.06022282507652397	0.7726705838404473	0.5467323884270407	0.008710622	NaN
0.2558535534100863	-0.0031607561000018976	0.07322716297802229	0.0014983325028919258	0.5790807363344255	0.8966318899393004	0.15230769	13.252253
0.0880852676912684	-0.006391681518061882	0.13315592845574117	0.08349898814178765	0.5911400586887539	0.7579795012840086	0.0049267407	NaN
0.07973349407684373	-0.008592277961827174	0.07302107400683717	0.04388973092810692	0.48530106016256425	0.7282447358618244	0.011501832	NaN
0.052341772509690236	-0.007096046051614716	0.12296620527590926	0.0706220327226565	0.790109742855499	0.5255889147175794	0.0041758236	NaN
0.03444563745770444	-0.00187049516263568	0.07505238808439504	0.07541152217558154	0.6853477084448174	0.3962858281410253	0.0046776556	NaN
0.1856708954030749	-0.0037435632038629652	0.009338703522438332	0.04630116022289742	0.31575477808445296	0.5410917252399856	0.5460293	21.333635
0.1321072762126673	-0.0021808366389207785	0.12898972812140644	0.08830083847810231	0.5754333231145875	0.2923774180122529	0.00960806	NaN
0.024378472691540892	-0.006240702190697942	0.09041906087623189	0.01358266989579236	0.13599986462344169	0.5645886354154115	0.06019778	NaN
0.023068418297240673	-0.004748575291963328	0.008408168195164545	0.029176148863271165	0.38065302087119246	0.9455949405631643	0.0073846155	NaN
0.14578486134736907	-0.0019707248329275014	0.042146046050279176	0.08891781770450952	0.6051637585568828	0.9066084766516241	0.0044102566	NaN
0.04753279086448595	-0.007501148635197577	0.13088606450342197	0.04765400805996574	0.5976520179455461	0.7626466638945764	0.0060183154	NaN
0.049180364644142875	-0.008741453377759986	0.03614202460338536	0.04367927166181997	0.883865140949797	0.767743339690033	0.003941392	NaN
0.2771411673353704	-0.003215703518067463	0.06883880787812359	0.02114266101853308	0.35017645961884203	0.6927097631154637	0.5210145	11.35743
0.20704232384455085	-1.5348715445732123E-4	0.07644981762774522	0.05791323079716754	0.7390281288108544	0.31685584337935463	0.028183153	NaN
0.24273582049251208	-0.003850684441664574	0.007811420053415861	0.06812783893360053	0.5620819656972944	0.9213123311461341	0.008886447	NaN
0.26373856132285567	-5.061493546591981E-4	0.03698427115777196	0.08853024126601229	0.535641848025579	0.3531751612723082	0.030483518	NaN
0.09481797202591125	-0.002683142267338198	0.04627591049414899	0.026650922385960382	0.10637825927482773	0.826213427293213	0.1664542	34.874954
0.223297513517109	-0.007578165911130144	0.09045354247914153	0.03899132377052977	0.47812056349742305	0.9517515201561505	0.15794136	15.968767
0.29662812945441713	-0.0066400338895483075	0.0864286973362569	0.022501833684457438	0.6522674169849139	0.6583265555759591	0.5586154	10.700993
0.18530553981620143	-0.0011835608959320219	0.01651679882645139	0.06083698134445374	0.7646763673096324	0.6411235527690877	0.013212452	NaN
0.006321911012926958	-0.0038221446780079206	0.11905751355540285	0.08290885543869644	0.8048869598898095	0.7325568219200888	0.002648352	NaN
0.25859772055010405	-3.104776242612063E-4	0.04208181020869776	0.07913521097365515	0.2830587279569861	0.4046674302730857	0.14205858	NaN
0.16438228329475799	-0.004673358115920897	0.11724649761460808	0.01620477956115984	0.9145979998429812	0.3271783532036486	0.51389736	19.952833
0.20613859574157212	-0.0039016089753763166	0.1399075572129267	0.014090640909832959	0.8003308693660552	0.13734429186185915	0.9399816	12.344404
0.16520185029583506	-0.0025458533914835208	0.10351236246421346	0.046083608999588827	0.9241626849565441	0.9986652096813984	0.0023626373	NaN
0.15134507835796895	-0.00492965022803902	0.09306377535997198	0.05966043567151311	0.38304487431133494	0.11523971749742422	0.088153854	NaN
0.15768684350299672	-0.0015534141703140443	0.04291373341112853	0.03063425030161442	0.6230336864462094	0.625108488424082	0.38943207	24.137787
0.006083878249599979	-0.0063596618235295015	0.0823109861361471	0.07706363786226343	0.32724354105255515	0.5635985666584791	0.004234432	NaN
0.1887775294040482	-0.0045903797165515944	0.1007500274853979	0.05134744575599381	0.28823304693693785	0.180501276792491	0.8642749	16.322817
0.26368172463517264	-0.00887245837519501	0.031101382107230215	0.016549089720928032	0.2801584508603213	0.525598792349132	0.66561556	12.389103
0.27594764528439797	-0.005222871388982726	0.007665378774293869	0.08573942097151045	0.31092580578362217	0.04125458105593797	0.2935934	NaN
0.03651658046800776	-0.004849113479029126	0.06866256402681384	0.024703170755249897	0.9972902532193985	0.9452795505698075	0.002058608	NaN
0.17003841993163402	-0.007831785997919605	0.057297429553436495	0.009120520231548529	0.23679848781094595	0.5025198809370907	0.46431866	16.28939
0.007114002352151235	-0.0020864011242271636	0.10551290953841366	0.056932004514386264	0.4997484828032044	0.18704188221535606	0.004347985	NaN
0.1482007507766171	-9.03636953572137E-4	0.08205994710088552	0.07635935648787884	0.6867308510862276	0.16363677141466854	0.014772894	NaN
0.3041529999141424	-0.005026465651108556	0.03776902725549158	0.07554389096685105	0.3772945023761406	0.10757425326213214	1.2836261	13.019652
0.2582621170616645	-0.006725686946229708	0.13122245786255388	0.003252743594489419	0.5720036911297857	0.9102997961312078	0.1311502	13.327907
0.11039124814643872	-0.006941242970476248	0.06674250652653609	0.03308619590878139	0.5224728477557197	0.2973210450451106	0.44894516	27.787392
0.0205026444402903	-0.00794591197367207	0.07214937868089229	0.0793090018908836	0.9754139012161513	0.3916441619878673	0.0023919416	NaN
0.05825005935322819	-0.006513131123025916	0.03858486184985544	0.028256922854618505	0.2805324765471402	0.18710827408082378	0.2856631	35.082428
0.18061783807288181	-0.0035061874636453725	0.010385239625710658	0.059386926652953594	0.4361723089057221	0.13978726525286475	0.66025245	17.157137
0.27065489996080216	-5.9813318191052E-4	0.09512630643371715	0.05781477167243677	0.5585309023344189	0.4018691780437102	0.853608	14.082728
0.29856342622415505	-0.008348693431300297	0.09722188296537991	0.06070502900154661	0.3523386931546667	0.8432319302555317	0.35722703	12.778279
0.2597078215824346	-0.0016461757527579583	0.10156570087238204	0.08245243456031832	0.3550803134663366	0.016771192352476365	0.19664837	NaN
0.1520206476423772	-0.00403088029938803	0.12445774182131662	0.024245387358558274	0.5998016465264162	0.7229366961387454	0.27815753	18.981678
0.10387344679139707	-0.005285527151181711	0.05930575830917445	0.08757644996931638	0.6496368716167935	0.2364365118164892	0.007663003	NaN
0.23038848206121887	-0.004963445405511104	0.13525843754161596	0.005523741377040503	0.9614411580915574	0.5023895323586008	0.5701648	12.383598
0.28559083672212826	-0.003954221659346663	0.10298925499284597	0.051352919550372945	0.22704997888436868	0.4847699155482656	0.85538834	11.418937
0.19550200852382696	-0.005408617917728261	0.027352305993839216	0.04908220008709741	0.36411413998921793	0.10048396005887505	0.94824207	19.568521
0.2855789322811792	-0.003181122511985763	0.01967880759171248	0.06223191551867351	0.7092803169327565	0.9429604863867801	0.007890108	NaN
0.28869435376889235	-0.0016426520317959009	0.13024350863455	0.07388322237610186	0.43448327720414326	0.8977899889964434	0.016604394	NaN
0.1975836833859929	-0.007182724292640607	0.03513438553606126	0.08645442039177652	0.4217613628747987	0.22770820390666002	0.024743589	NaN
0.07036237352747127	-0.002796779834096751	0.041699736471485414	0.033043287099247934	0.5074627715575849	0.2535367718250351	0.09124177	NaN
0.2479205596085068	-8.490360782240061E-4	0.02727953481483686	0.042774180053959214	0.8368211139125633	0.14024161127404888	0.16541028	NaN
0.28786441978488064	-0.0058449776931840175	0.050470669041905	0.05104191818791582	0.7531839690455654	0.8584805168257779	0.020582415	NaN
0.17789654007621228	-0.0029428492605249133	0.010208969443935696	0.0267928219923611	0.6108965726425082	0.2594395360673175	0.75511706	25.056803
0.28037133915028317	-0.009004752148752454	0.11201758166113812	0.004676536826199785	0.5298869563864953	0.5290179604512727	0.66357905	9.587155
0.2740511027006448	-0.0034314324093966952	0.10347689262660079	0.08091013817997081	0.5659652093080886	0.5759478708480876	0.02379487	NaN
0.04520994564403487	-0.0034587479035389675	0.021983704399011227	0.08060582923763583	0.22102432731171742	0.13602456378351502	0.008117216	NaN
0.2111363292245088	-0.007308161544326618	0.06091716856152142	0.08793246122786853	0.2586841337149123	0.3945911991052307	0.027956046	NaN
0.2092810477252501	-0.0017903410030597289	0.06820921313750569	0.022334124572668455	0.2751159858693337	0.5715463852385573	0.56598884	14.362405
0.005861642164841381	-0.0030438297254484973	0.060883150665393355	0.026860508721391153	0.4331687025064219	0.34682034418697677	0.006380952	NaN
0.17130223409218828	-0.0018554724237000303	0.13629383048349358	0.01293651456238278	0.3365236191579039	0.9382554743605498	0.100421235	17.586182
0.16565904000229204	-0.003933350093114571	0.11555671200596013	0.04829420231292994	0.6651594468227995	0.569607162318749	0.046029314	NaN
0.005918450080356103	-0.003985835547873075	0.07603436826369829	0.08670923838711522	0.9343169692899919	0.5322909560946887	0.002142857	NaN
0.15608041366813377	-0.007073296857872518	0.12086270216383382	0.044245341262310424	0.4765165001361339	0.9103028166783409	0.07375093	NaN
0.04914142256630832	-0.005435128965995867	0.12651367817006443	0.033252088605857114	0.18478312814132464	0.6689519251889903	0.015377291	NaN
0.20291884608145752	-0.0015192035791762972	0.14053685722515122	0.05294017588809302	0.4295485216826219	0.4181075660169067	0.688967	15.380928
0.016122041815439032	-0.00884044033859017	0.08619170994920645	0.04124939843212672	0.6608838163853372	0.9722824310215191	0.0041538463	NaN
0.19075116869432093	-0.008328763272255067	0.09803180322797327	0.013422292051478825	0.4006228549918842	0.37456800044797756	0.63244665	13.654418
0.03692756182449998	-0.0061749248033008295	0.12104863432385038	0.036413402284915596	0.6890947146415203	0.41149528992803636	0.00878022	NaN
0.018329778696109418	-6.980578243476009E-4	0.05820760408335909	0.057432378789209065	0.8818219183675027	0.7053122133306063	0.0027106232	NaN
0.0337887142447756	-0.0052157975072927975	0.06865412039347837	0.08868854377103186	0.950564557794488	0.12861887417874712	0.0032600733	NaN
0.12310692705140247	-0.008242659000663339	0.13713994351646344	0.07714483623238892	0.968100433303554	0.7916628205444926	0.0032454215	NaN
0.30419961956768055	-0.0019432576556458053	0.07898620254407425	0.007887579059067201	0.7894109967857709	0.9551190663619026	0.098648354	12.972593
0.2921553543748507	-6.639340992938208E-4	0.06289083696831936	0.08688230363757313	0.45546579007385946	0.4782259782330794	0.030373624	NaN
0.11829633534874262	-0.008521315206719891	0.053897260516364606	0.0544400702098422	0.5662235795276573	0.4591491569418153	0.019490842	NaN
0.23485450094135307	-0.008573104038014886	0.002723403620674937	0.014907621243488304	0.10314490641601526	0.44004567447854886	0.7046335	17.474794
0.1861080674233776	-0.0035905918965049924	0.026323956400301208	0.002881122666672633	0.23947385709351693	0.4039105172459115	0.63683146	15.949388
0.20394198251396675	-0.0071215841786079846	0.03300398490327962	0.087808807957622	0.39951669645553034	0.035033599734169134	0.03238828	NaN
0.3005676861361878	-0.005526021000111661	0.01766210462205767	0.050093042060908186	0.8115356996272688	0.6383702736268185	0.04284616	NaN
0.11588564090826764	-0.006305865717211692	0.11692166762106682	0.01484613706480054	0.8177819187769181	0.3211383678653504	0.42277658	22.809324
0.2155865766692386	-0.003078970043610716	0.027176770977777386	0.04813475720051872	0.5393984393821755	0.6600747695505058	0.45268488	19.95968
0.23901167956607394	-0.005378664773641256	0.13216683189220174	0.06292138726671749	0.35290730261454406	0.07110169349386455	1.1143117	13.044044
0.17504138340707798	-0.0024336622572527027	0.1008920018163395	0.0827537245870034	0.28290917947933847	0.4170232044072026	0.020589748	NaN
0.28843022594505624	-0.0017053038183433614	0.015847299317936034	0.034557898097971496	0.5963231936053192	0.3552649261053694	1.0496264	14.996694
0.06818856376814912	-0.003161879130344604	0.11910390641715124	0.043372202104954495	0.24550920033244816	0.328921337412045	0.021890108	NaN
0.09052970714335974	-0.008655256488323443	0.10718211233405667	0.03144605178553623	0.3291697737363969	0.6063353539814509	0.25224546	29.685167
0.049815398670839096	-0.007857767603942549	0.011484949732894573	0.04847463652290049	0.6539341084446819	0.01702273208972663	0.0116446875	NaN
0.1566672921953689	-0.004713519445698952	0.009899918276328398	0.004712314367675509	0.4985787823655504	0.0045005733300896265	0.8613039	20.699934
0.12935411332772126	-0.004376189307403454	0.056696603188074006	0.031895066236589255	0.9242250528505627	0.83318352946376	0.0066227107	NaN
0.13566283738874677	-0.005934949450502384	0.005780516432869546	0.010111005411758078	0.6845436116552348	0.5491873944493324	0.34832603	28.535557
0.3022288422079163	-5.833911499454002E-4	0.12950165607937178	0.040513333135614754	0.2716535828385468	0.9783063400762674	0.15076193	11.297519
0.19780939629167799	-1.469301771561794E-4	0.10841487688167054	0.0018164595718914134	0.4673723736461711	0.30350304130231925	0.8340808	12.349946
0.0688729726173925	-3.578832649597523E-4	0.0025667846866761837	0.0623160441247241	0.6417905344292866	0.7846305047302837	0.005230769	NaN
0.03934377127196639	-0.004931710965225657	0.03202070601776397	0.052409284360782474	0.8675349780300954	0.0023675159078963923	0.0060073268	NaN
0.1621475482692205	-0.006252259108231201	0.012470062085057923	0.025663070270064887	0.2689540039343427	0.6271371735807786	0.38406226	25.738562
0.18567602506475284	-0.005389485977417316	0.10403727976131126	0.07900389824628118	0.6509063255867513	0.5301491046960509	0.011274725	NaN
0.18230920113525065	-0.007743297378942083	0.11987752793949782	0.05592260594959178	0.7066497493076846	0.9014825643936768	0.0077069593	NaN
0.11415741539904752	-0.007996756604885956	0.09223501263832085	0.04625557892659841	0.6729743644114903	0.6666493257359342	0.014146522	NaN
0.22021920416173893	-0.0043580334897611725	0.1124268939731151	0.03439756319408784	0.4223718556703706	0.5797464074516087	0.558828	13.635836
0.012771621426202747	-0.005531750458372536	0.12721199996567709	0.006213774876315142	0.8755234916793497	0.9941488704508591	0.009054947	341.8789
0.23415313135986354	-0.006167590690612069	0.13555589696078832	0.026663374432860376	0.3062599706928025	0.018489376572545315	1.1955127	10.942441
0.03986459887156072	-0.004039642563696908	0.03941138810014325	0.07265438839046218	0.7486192180205151	0.9489226982384346	0.0030439564	NaN
0.13336354356875507	-0.0011884161746673154	0.09133692592697602	0.05307202086440879	0.9096134677843285	0.9549501739975708	0.0026556775	NaN
0.15188390910205882	-0.0031550577535808134	0.03618024668848365	0.003627354715019222	0.5294126851365404	0.6763606803803535	0.296099	19.24551
0.2124662219440562	-0.008122162019566065	0.11832876095174599	0.033249363394669336	0.7051418999475789	0.9788817586676247	0.09930771	18.011652
0.1210788486123314	-0.00778779700338327	0.1189022720043743	0.08049673722437477	0.22734885961187296	0.6269891370680971	0.009908426	NaN
0.17476327756255694	-0.0036008097204596507	0.03653054675088137	0.08892264193486087	0.2460848635391187	0.20972601426435472	0.024468863	NaN
0.07321804802110926	-0.008209974351070116	0.10287337751371563	0.06472919432955465	0.44280456331538376	0.6970789536042425	0.006531136	NaN
0.27978451089491885	-0.0036827336662711052	0.11072226594738421	0.07536226513668293	0.3959633147811533	0.45635676655906166	0.10692675	NaN
0.13661190527679903	-0.008958711235037465	0.03335099339471654	0.08510259658204242	0.38299816142702003	0.17954798192963167	0.014355311	NaN
0.05062142447405235	-0.00876825264252702	0.1328002604970086	0.001106753799007839	0.6047284592801111	0.7656842519796592	0.065798536	47.859573
0.20808237679670663	-0.002688273804514148	0.030094536045848577	0.0778601282817442	0.4752048377389002	0.8463179993126035	0.01098901	NaN
0.28004614047345483	-0.004369819925551358	0.06916552264396114	0.07846200633243076	0.6204530027630326	0.9924065289815027	0.004809524	NaN
0.20900351993564034	-0.002169007458197961	0.11972631162006743	0.05062624123596915	0.9328770600934432	0.13577090345956935	0.022490842	NaN
0.18095054443910638	-0.001282351763701145	0.12279673725004495	0.06352579909337512	0.4484635607603701	0.8483193504518108	0.014465203	NaN
0.22514120481536246	-0.007037652392938052	0.09037876723085551	0.00762927745839803	0.24521186613086282	0.6542641785755449	0.4278864	12.279799
0.1363088111148212	-0.007653300677625686	0.06133919674504198	0.04418569856416526	0.4019420273568419	0.8008508668767539	0.06856411	NaN
0.09775124717544677	-6.546034327148976E-4	0.046355756282651206	0.0789416960116487	0.1350227412800186	0.05001237226975213	0.020216117	NaN
0.2166596716612964	-0.005249925277781034	0.06236507459101166	0.0076733355307407125	0.529527430179523	0.20147616744936783	0.93063366	12.545908
0.2602504707205504	-0.008518396934716411	0.09192221730150371	0.0500522366228061	0.7634651229685949	0.7332191402941521	0.027205123	NaN
0.14902250869764294	-0.002862816065290091	0.004909569774536634	0.01583024409119324	0.9563288808134753	0.12478374124832135	0.2141356	64.4281
0.2947557725678985	-0.0021261914079555157	0.13284834530273026	0.020125475725966572	0.1532313496822133	0.9563538961544763	0.13032968	11.404604
0.14020440327224223	-0.007270080934278522	0.13246184316485976	0.07625026086576606	0.9350139426335224	0.5988169356027929	0.0054688645	NaN
0.11589170074776846	-0.008951229942641267	0.03197106126675272	0.06778266346705678	0.45427185307392304	0.3723069495022374	0.014644687	NaN
0.27962340046131484	-0.006515704870778562	0.08678873687623796	0.07091071293062791	0.8732657924016138	0.1936940684066611	0.01912088	NaN
0.2754974834487041	-0.0033342516178595273	0.07079736287448321	0.07215380553783995	0.48791616172992147	0.4106295997131014	0.1358901	NaN
0.0720658953608971	-4.2844158112229845E-4	0.10429358208905039	0.08078941746303009	0.38290655898232684	0.3204231012011946	0.008399268	NaN
0.22122003676062468	-0.0015555454045354323	0.03306075549102814	0.06430442740710064	0.8764584516856264	0.6135674681093525	0.011054945	NaN
0.2792143444826095	-3.242002539632124E-4	0.09706156483151113	0.0352867431183387	0.5843626591436343	0.07267047683674832	1.4447701	11.032975
0.13445981425122544	-1.6781639234772375E-4	0.0781537690425634	0.0899315009077733	0.2958389471867675	0.4713306647717531	0.010369961	NaN
0.08032429434335668	-0.005695243478409584	0.06931736039397274	0.03903181173907551	0.19790261371618095	0.009018333116100877	0.43390122	25.799437
0.1187418724971825	-0.003827258029255984	0.13249626558475036	0.058451518271994685	0.7789936408402477	0.2924088584382179	0.011681318	NaN
0.19709766884686963	-0.007393607946470546	0.0067199923250752325	0.0758491010181653	0.6602058071851742	0.9447508052949589	0.004970696	NaN
0.20831509545262347	-0.002361208076968653	0.035160896596893386	0.026269706814849823	0.9467615978496388	0.23053660065772386	0.06879853	NaN
0.16559234753904978	-0.0013640215645443505	0.02074400034596707	0.0502965741147834	0.32132565153304404	0.5776468272761747	0.4767107	19.984201
0.21863776282314393	-0.005655482125937891	0.11046389948741306	0.08312290866851578	0.5519301665537134	0.7697419197542806	0.008648353	NaN
0.27892594482187333	-0.004373178886994125	0.09334535514616134	0.02125861398459072	0.3029882588375731	0.6228258940196043	0.6137728	10.60617
0.2653884396126197	-0.004132965134906018	0.02474104560921634	0.07992966805176156	0.390064809866986	0.7447706168902163	0.022853477	NaN
0.06857467418620908	-0.008417601388157085	0.10818463621327583	0.05958691419570091	0.1344229252017312	0.08539279382667878	0.016641026	NaN
0.03674622720255158	-1.2726034116884691E-4	0.13716532816430735	0.0645595413388313	0.6582121201582402	0.3400686141533104	0.005161172	NaN
0.23923622017984736	-0.008571400520662534	0.07387932774271888	0.05272967058498504	0.826548505550258	0.32965835692575446	0.031673998	NaN
0.21491535109439994	-0.007331176873967383	0.13522463235204146	0.048349738963578553	0.829380488847779	0.4756271790773918	0.023586083	NaN
0.12251841170522232	-0.005958118525612319	0.06208120536877188	0.003674204192712581	0.8993446207852511	0.74687590046847	0.17306952	23.480341
0.007224065243929707	-0.0057195598301050254	0.11436447699533143	0.08105063998628151	0.3568944540599589	0.541547842111999	0.004238095	NaN
0.0681334973254192	-0.006297422704001221	0.09862410227415964	0.0293504463718828	0.2406145624351326	0.04372602820140827	0.3888241	33.27893
0.16460867117884978	-0.006909446470039671	0.07831244764019582	0.015172795733679356	0.1282852878932497	0.591769013134275	0.3911868	16.689838
0.24782088161047688	-0.0010877801683569957	0.09956147331717852	0.0449024030558882	0.5471018758602486	0.4986079110394577	0.72712064	13.780905
0.2358987943566746	-0.008827756287384492	0.10173786297541296	0.08243653165076831	0.5533217885662094	0.8532107272292967	0.008091575	NaN
0.10688895590259484	-0.0029403379456470085	0.055612453949781475	0.04493207388073453	0.3810501637840613	0.9501506147447479	0.013260073	NaN
0.13005041775672152	-0.0038077002485886664	0.05016174079125362	0.02519126025309643	0.5951014179870305	0.7416414374860358	0.24437003	26.717049
0.26105982671158307	-0.003877093387953307	0.058359288633351776	0.08095500462531685	0.5668006060770454	0.7838457919223725	0.012051281	NaN
0.13532887878462033	-8.298221397987052E-4	0.05341903472795166	0.06427516502720744	0.4368134086185418	0.5060483438289116	0.018487182	NaN
0.30221860842606474	-5.480327960717726E-4	0.10948829397981634	0.06587892490187847	0.5529001903610709	0.7925214489849777	0.060992688	NaN
0.07442428106659224	-0.0045620600123133384	0.09848667485732318	0.021826908734982338	0.6198523487470201	0.14940163847845336	0.3756191	36.14773
0.24571189306185356	-0.0023072718796743946	0.12044060994370694	0.08132671489568517	0.8754475016163202	0.4799262497254275	0.0116153825	NaN
0.25758733993502275	-0.0071354406006281235	0.06512773530330489	0.003039516161299771	0.2914010978103676	0.3898444523634171	0.81175095	10.708145
0.12400803389624554	-0.007917333536290589	0.11403836205548924	0.03207219620953155	0.4780318727507987	0.1649747468919466	0.57154936	22.282904
0.13210425643211485	-0.0052180023444472435	0.053563826558129975	0.08476266405216602	0.5614196663795125	0.14031047814555211	0.013095237	NaN
0.1068249418225366	-0.007323547100666248	0.08197598111881513	0.033741994089199444	0.17262576544529332	0.1312169802688116	0.5424285	26.36543
0.21578434797948845	-0.007919261284105335	0.1272743790496026	0.051213046470063694	0.5901668493412706	0.2871758857758623	0.7239012	15.770754
0.10624871030529684	-0.0014571596931048098	0.052515639866487815	0.025258996971396414	0.46416893530555936	0.041438109286155364	0.6292894	29.468302
0.04461513746846251	-0.004371017183117732	0.016033348540485104	0.03784354294784905	0.5079484453235392	0.4525846506816593	0.014025642	NaN
0.20690990696899048	-0.006386095938830338	0.04130007504034825	0.01626271892502861	0.6093368811687079	0.9087698828381252	0.14195612	17.004068
0.16034449863897413	-0.003487519012856497	0.09443053450052288	0.07365044810728093	0.30872744326856827	0.9131532783938703	0.008619047	NaN
0.04595172286879728	-3.36407793247866E-4	0.054895161563098906	0.041939102870145926	0.43711532555539745	0.08310099156523659	0.019076923	NaN
0.21248046470535056	-0.0024089895292000005	0.029386382904493105	0.03986396849679869	0.15854748759775905	0.9388565905406118	0.18532602	19.343191
0.25531770130585185	-0.008155308615607898	0.0914989226547651	0.03332710145042016	0.5253056001626885	0.9641110057504543	0.1348974	14.051309
0.15105432819072562	-0.0024772318520605917	0.05655596388714489	0.05907081546975927	0.3184124938491706	0.49342468367394315	0.050011	NaN
0.06980431748131316	-0.007678282169690316	0.11620281831763096	0.010241599970815337	0.6029657137400636	0.5165208427130575	0.20050189	34.370506
0.2414734988695178	-2.80520137003619E-4	0.12002940516338424	0.013358608908804493	0.4993319807979938	0.5143400900420806	0.7196888	11.148883
0.29836687107116594	-0.0031981139879622734	0.13926542785837212	0.08646207355356031	0.6340449252899159	0.09295297628325637	0.041794877	NaN
0.240895714729928	-0.0013371999361221295	0.07237290391694079	0.08305045573634066	0.8446828959826234	0.8579149139036769	0.0051355315	NaN
0.05333506952502091	-0.0038127930196495126	0.0950577713505829	0.082783555872721	0.432099145811905	0.626725243905739	0.0056190477	NaN
0.23678697694176687	-0.0043634054963016845	0.10281608444808164	0.019013957745620723	0.8718547477086385	0.4557489772641059	0.6432929	13.5662
0.2324876200607632	-8.520789119415646E-4	0.02666385689876073	0.0729113264969586	0.6599779657246366	0.8791645096826717	0.008113554	NaN
0.2626808148364248	-0.007790020920431076	0.08027817910719398	0.051382526185872704	0.20133696521720407	0.2853232301195996	1.0017362	12.483078
0.15235317105722992	-0.008849139131057405	0.046569132117974255	0.09000296196705593	0.981753322906076	0.15702020197525748	0.007175824	NaN
0.27363711517825895	-0.0012574951678626337	0.1249373130463561	0.015817817313713494	0.5569734440158914	0.4087668046527242	0.9407438	9.934828
0.03764781638105687	-0.0076340039963704	0.027443855898596724	0.02792117234663633	0.5569136078240131	0.7380823703978198	0.010604397	NaN
0.1845041009778338	-0.0012243432887295202	0.1371837749464347	0.01517066625907051	0.43605036213964055	0.5733516864629142	0.49425665	14.023228
0.1814275193341736	-0.0090796950076453	0.1387275021205899	0.030958086350437508	0.49897584368840064	0.1591647567158442	0.79252726	14.590434
0.14781761497598828	-0.003576144568172429	0.0160599858722723	0.07956389158685588	0.7222004336443995	0.7068149661695915	0.00519414	NaN
0.3033265692339342	-0.003829731671445543	0.004544667454381578	0.07892645217516824	0.8621727089362661	0.5220012220049187	0.011487179	NaN
0.17502721808981678	-0.004216574354487254	0.05067650910983748	0.07152384899086152	0.5477974510030152	0.07078755428353951	0.031637363	NaN
0.14917127286463028	-0.00297732041289611	0.13643201329917257	0.08108545506402007	0.47074967470609674	0.08752197535385302	0.020278389	NaN
0.08471923188462128	-0.009060483612440062	0.027605217377462125	0.0148286685258006	0.10558208800271901	0.8586169177921361	0.10481316	38.893967
0.2943011028357983	-0.004151887358513973	0.030430157285632076	0.04237863310342378	0.5656619535422707	0.6116259270169264	0.6558683	14.575252
0.19461215984477956	-6.312639856400821E-4	0.024887433217578706	0.056219585579975015	0.461700525395074	0.6463114374493146	0.13391572	NaN
0.13509735902024014	-0.0017977113254154364	0.012293497984161333	0.05890863540661249	0.8130894332560253	0.17834666449539172	0.013263735	NaN
0.16033053176934955	-0.005590718842187478	0.11905656919835954	0.018037778703058137	0.534154687929193	0.30880652256347807	0.61461526	15.902489
0.1785124277026399	-0.002602270135194762	0.12689528537925326	0.05645832509402743	0.9981918975719497	0.6582219788625223	0.0054578753	NaN
0.20331853445876594	-0.0049993794829333235	0.05546154390646515	0.06720273119169756	0.471853793077456	0.8300548244816537	0.015553111	NaN
0.16781076256379496	-0.002048511868242211	0.05835440537313998	0.02619001283987547	0.9159056607238821	0.40891979093239283	0.06199634	NaN
0.1627354905394313	-0.0039186880383571595	0.02418892702611213	0.02173901345277122	0.8000233594640852	0.8271775469357717	0.19094871	26.652355
0.01427554310871984	-0.00892561482206219	0.03598460652751858	0.06541436425525014	0.168336548163323	0.3949490667264738	0.0057435893	NaN
0.05178039596090524	-0.005123693781163145	0.04401850141795233	2.8703179552695744E-4	0.8876693373442005	0.6032788454054148	0.11636261	48.01181
0.23930303665405667	-0.003336904260048692	0.027866073686048518	0.028517753338949726	0.985433597148248	0.5785896809032519	0.019915748	NaN
0.19762353686015363	-0.001195884610962339	0.12510868239672582	0.0526992075586245	0.8421114837549564	0.13412251583147333	0.028194137	NaN
0.16909968659695981	-0.008291440208670797	0.10866350041855363	0.04377169155669491	0.9021307431901775	0.1856126286861578	0.023058608	NaN
0.29597838618826205	-0.006110503409386552	0.11749489796501955	0.0809266205710624	0.5442913502385415	0.5700974351506647	0.02413553	NaN
0.06511472487240916	-0.003357397490689372	0.09126403234079278	0.06582011923726076	0.15102373554575205	0.304930667055944	0.011069598	NaN
0.01632767414632383	-0.0056211749906922666	0.11699578800171129	0.08894215159486915	0.6066268311720088	0.6129582734770812	0.0034835169	NaN
0.11738438446518992	-0.0020907070215204437	0.0928826713252417	0.08115018109156286	0.5649028186421906	0.2290192206853255	0.011553112	NaN
0.15192276848363379	-0.0012768968371225182	0.11275878138258855	0.07842465397528289	0.2626261969579946	0.4907173194649755	0.016278386	NaN
0.07513139734527789	-0.003031531836103826	0.12548190053297276	0.05479936327591183	0.6280906198126083	0.9775785152497876	0.004717949	NaN
0.2199062879605441	-0.0027824216866869657	0.04143835994917059	0.08334474094505837	0.6842918934679988	0.22118610732659627	0.019234434	NaN
0.13925681687117689	-0.0019839994800241556	0.057676616508366516	0.010936615270907427	0.5695390092325803	0.5864699385053734	0.36184263	20.411985
0.2812629217803843	-0.0036327889050075993	0.021886985711684463	0.04144625644196848	0.469534506203909	0.4060175409830534	0.93936634	15.1129675
0.0947787861067712	-0.0030612185068733264	0.050744540916145144	0.017777346778186515	0.4540170909780288	0.9644535909582951	0.069886446	34.213467
0.16778432205303498	-0.0075162351688386735	0.041250432083437726	0.03390852728412554	0.3473848182864647	0.9490838789674273	0.13730036	22.226728
0.017816173249484517	-0.004587952634917085	0.024936629456942635	0.08855200198835025	0.30047670151337513	0.45067814487336305	0.0048827846	NaN
0.17383905710096834	-0.0038869443138613755	0.008495958575807016	0.016202992640162946	0.4137327049895184	0.8346412319268653	0.20731139	22.80096
0.05138275183274296	-0.002407433892369132	0.04398109630813647	0.03494508989576612	0.7388107473732909	0.6100314028219916	0.0097252745	NaN
0.09446934646481864	-0.005360071999755387	0.12466348885455333	0.003323881560057864	0.5346380778712165	0.4379779522841744	0.30103287	23.63551
0.007050621206625747	-0.003436642889096311	0.09549900474602845	0.01755642242348695	0.6077232329777098	0.3233454930470693	0.0068498165	NaN
0.06819159774830616	-0.002176205133017614	0.04051666516290503	0.011176015475313399	0.3379506419326691	0.7733221350594378	0.12433695	44.35676
0.21545965873287068	-0.0024559866889638984	0.05299850449186416	0.059508462208542924	0.49730936081090515	0.8218709244318516	0.031952385	NaN
0.012858261280728905	-0.003920897345601832	0.0017823995780694725	0.012943952365708099	0.6570416584956201	0.606892638389364	0.012945057	NaN
0.11769249976750606	-0.007104660877844666	0.0911890450566553	0.03433357837091874	0.8501972424353574	0.02078240217812086	0.04048717	NaN
0.026044067918107944	-0.001967143089054046	0.05980420547427677	0.054745112112745915	0.9928920268784409	0.47951873579639553	0.0025457873	NaN
0.061702815971201766	-0.004882075429642585	0.030556159716352	0.07772214182891622	0.954732369730357	0.28736069689766935	0.0035787546	NaN
0.05765014380784056	-0.002734632174327953	0.07119638161954611	0.028785583809996088	0.8225977214155166	0.39962459748931345	0.01674359	NaN
0.14327738025618544	-0.007628584711925352	0.00946151523346057	0.04459724855025776	0.6926894059568792	0.6739075046789388	0.02258242	NaN
0.25177486172090824	-8.293551497036064E-4	0.10397277785093462	0.034590818335337434	0.5035449410803905	0.2685784996493236	1.0597764	11.961585
0.009430546755542554	-0.0024753569163067477	0.10248230657866549	0.038304102924975804	0.9423750774109843	0.6117930015456589	0.002659341	NaN
0.09738096711956548	-0.007440601191788254	0.0496356289042914	0.009674420364939339	0.6030734883366942	0.0022400736251012416	0.5311024	27.028862
0.2236726034487849	-0.007613572827555742	0.10227813453692634	0.02746182479569903	0.9857394899118518	0.1427115281291215	0.03613919	NaN
0.22289376192882554	-0.006029621085368025	0.11084663065416325	0.020236789316878157	0.5233888976812963	0.8048049661686623	0.28099266	13.517661
0.17726158593445182	-4.3724434615786365E-4	0.05897281298774679	0.07822276316622108	0.3252426695029418	0.9244262021377708	0.008300367	NaN
0.11859576256105904	-3.4520403708452826E-4	0.03256420303735057	0.010151344692853488	0.9907993223173206	0.1397424843968162	0.085875496	NaN
0.01834092063534452	-6.617961231277731E-4	0.12586277804284374	0.08531912618111824	0.9827263877584903	0.5094206757305874	0.0021904765	NaN
0.27253865866690313	-0.006146140383077803	0.010917550621225569	0.0825996152278952	0.5370456329613884	0.6177502308056713	0.020586079	NaN
0.26178339629947806	-0.008912152347747535	0.11321292770941938	0.06434900473811506	0.7284206990933835	0.7417454044243066	0.013007326	NaN
0.2606738267512566	-0.006699024379475573	0.12859984325283985	0.08325746855408704	0.21855880403491396	0.30660811497652063	0.11324543	NaN
0.03660486734502767	-0.009009426279750442	0.0029749793889861337	0.07026367606088599	0.17346832021446304	0.5737445134526032	0.0067875455	NaN
0.04000818760737759	-0.003152070346915051	0.04819963721031791	0.08691327579040242	0.7969203025550967	0.8222057222920734	0.0026410257	NaN
0.22497901278926133	-0.003764408321577269	0.00646268483976093	0.012965253402749151	0.253979039564929	0.13308158456594835	1.0939671	16.021969
0.05482266861176297	-0.002261599773462563	0.02565128934838637	0.02081484492785562	0.4406178615100499	0.03583743106901391	0.3385862	47.09938
0.04717752642874223	-0.005508900280757937	0.1143423651414411	3.0862868296921756E-4	0.6386298721717363	0.5127439418632532	0.12723447	45.17639
0.2803458742323548	-0.004667579876368527	0.044871864517070884	0.04789541348116754	0.4043800284110105	0.27571362072965216	1.0946923	13.450086
0.05017806067249217	-0.00786254937954762	0.013746547146058045	0.001623796394857886	0.7052062552120599	0.4808994310749616	0.14281687	57.77009
0.09575626343030201	-0.003978067115559336	0.02166378321150182	0.0713201006594202	0.19793951852309571	0.5625198569640053	0.011223444	NaN
0.06422519078934166	-0.008343179301308172	0.03089265157459128	0.0711345283428535	0.654232717414642	0.12700391068122507	0.006666667	NaN
0.19899137631831176	-0.0043296437741224955	0.14009913313803984	0.038522614806095846	0.6710167322114614	0.650171742048416	0.4001759	16.912682
0.20129759043396217	-0.006382724345194673	0.019287901597721122	0.010346535029847802	0.1599709942466823	0.37981386558442864	0.6895346	16.186493
0.14957325360959514	-0.003841905285306999	0.04786332118894408	0.01806816111893599	0.9156313667548276	0.48865949609333137	0.33486456	30.79572
0.1822277456211924	-1.087216479391783E-4	0.13342583726643875	0.0816130991342457	0.20056705989670076	0.33914628271538594	0.033018313	NaN
0.2525145877866652	-0.007478787313827752	0.10842241682852818	0.01628188135697848	0.7205410065662721	0.1522545990310404	1.0623369	10.770345
0.29513829720960255	-0.005892916286865771	0.005829087688281977	0.061658354824736084	0.6600076290849257	0.46454556903526323	0.11941389	NaN
0.07635074581082014	-0.002267992697416801	0.10739033646595147	0.05262327892570917	0.10567269569095994	0.3017596178895546	0.026516482	NaN
0.10690220221817395	-1.5388771804240945E-4	0.10136718579541766	0.0038482395479109907	0.5548006091077801	0.8640681532968963	0.10058246	25.830221
0.03144802396541229	-0.008612011082608768	0.13810861558211607	0.043265510248055736	0.4168540468688722	0.8681231740476696	0.006091575	NaN
0.17150182337409867	-2.297084655889602E-4	0.01697752284603221	0.061446298950379674	0.7079227552519376	0.2131756797153077	0.02802564	NaN
0.1209692837928163	-0.003550197793673713	0.12721338892180958	0.06125453084711323	0.8729678421741172	0.8556133809104883	0.0040329667	NaN
0.20445508921801495	-3.0949431218752453E-4	0.04724167053439709	0.03097642198626033	0.1715818433606976	0.21764036890228278	0.9980733	15.899993
0.11623327599300089	-3.011032137015434E-4	0.1048507523147571	0.048976505964493024	0.7288443079575331	0.9686460764533373	0.005172161	NaN
0.1208946920104103	-0.0044293095050642085	0.06671858780204301	0.025136729827547104	0.9887194988703187	0.016009654531193074	0.025564104	NaN
0.20068466677275512	-2.2772335308027583E-4	0.056213530154741974	0.08445298084430494	0.9477729551586581	0.1678986234750751	0.009710623	NaN
0.26642940379810715	-0.007398241164289187	0.02851044140633699	0.07846868016222242	0.9809345998110908	0.4813518117903837	0.008901099	NaN
0.07229710416610494	-0.005525568152258143	0.011209142513197812	0.017211788147220814	0.8674560358748509	0.24990485071389393	0.26912817	56.615993
0.10458455868891428	-0.00522455831859795	0.08523588106561986	0.046182693518960656	0.6576365189953827	0.05471061637816084	0.03302931	NaN
0.2929622082556616	-0.0024344205701611766	0.09732993053031587	0.05214769684332058	0.2925429856562156	0.13772428861333996	1.3757622	10.926222
0.062411553764276644	-0.006159723468623459	0.0034100304497938255	0.08717636634510477	0.757740738334142	0.494134306087947	0.004252747	NaN
0.12527279032439884	-0.0016193834283022097	0.09718415421203812	0.060890319357893	0.7555762785185247	0.7431058623927119	0.0071941395	NaN
0.27677439857589886	-0.0028696256062374238	0.02517946886808746	0.01635362009733763	0.4610987419346785	0.7837122758267051	0.37901467	12.990286
0.2020890895122859	-0.008555293981073757	0.016657414041647032	0.06973780914540857	0.8562454469916737	0.043226083654041576	0.016809521	NaN
0.12786414727467305	-4.7775346985004497E-4	0.09243481955089433	0.0688628687980526	0.5421079650106382	0.38475361530861574	0.015260073	NaN
0.03238235707196699	-0.0022808051979682307	0.002311169926805187	0.05119338717356363	0.5162874919489499	0.3747717738840443	0.0077509154	NaN
0.09366018442384982	-0.00630413373097561	0.0075227637158284	0.029819603475305188	0.3825762511339037	0.05787156376397173	0.516729	33.59241
0.05808038253614367	-0.004764414595604683	0.00738653477425319	0.03255779067910444	0.17418848625940575	0.9198592317672681	0.012919415	NaN
0.10935004996438437	-0.005046706034986762	0.06210346528526675	0.027463490815826216	0.5149193410637081	0.6161012601055453	0.28698164	29.579784
0.14099532533744877	-0.008344444822900105	0.034668429449155456	0.0198841867830607	0.5900323796742831	0.9034348358998651	0.12461172	25.334608
0.26913780433853446	-0.007918409708571267	0.0011486589565517548	0.08552242002875539	0.4301487788035233	0.1966710855560428	0.06326372	NaN
0.2763944078350946	-0.0022684609065382177	0.021476791739019466	0.0688931664539195	0.5364093896515728	0.17898571466016291	0.85220504	15.027584
0.16441349692253918	-0.005863610535885037	0.06264988662996943	0.0018156475093398805	0.25786166358155815	0.9582727826732867	0.04240292	25.18522
0.10037962030772969	-0.008264828867038691	0.07718827855583003	0.05617393239968682	0.916238034739843	0.619205133230603	0.004670329	NaN
0.21192471452562045	-0.0024315938574623573	0.1053055097333826	0.06482546579705092	0.807572202751652	0.532831868578118	0.011985348	NaN
0.08197308906007099	-0.006330105469752475	0.11695362942618193	0.0041638009021933335	0.7726709485544224	0.06750382649757172	0.41394514	26.009623
0.1883837306965097	-1.8270523520207607E-4	0.06627943225780993	0.04810160655611682	0.6522294785608358	0.058267134455544926	0.8912564	19.457787
0.06766018324339569	-0.0045106667252753415	0.09666257033776196	0.06200165103830008	0.5399462164026569	0.5309358841520614	0.009073261	NaN
0.15386205132491992	-0.008644319983256163	0.01907363466940649	0.08393482992969413	0.6356442196710921	0.23334596989511183	0.012479853	NaN
0.07612280665861139	-0.002395467195915675	0.06371985109315002	0.021392001984937403	0.9271123522317155	0.8298177585566852	0.00817216	NaN
0.11536696842119708	-0.0038191736210438157	0.1076308550788015	0.002745928392550898	0.39580159744638177	0.5232929551071686	0.32018682	20.55187
0.024001053437778915	-0.008319042219459446	0.09583274524404181	0.022094867525389725	0.12899648923636545	0.026258969244386008	0.022146521	NaN
0.1541627625550465	-0.0010776885043355898	0.09698294221731674	0.08308365532912294	0.915665940327735	0.43808970645421047	0.0067326	NaN
0.2997515220793447	-0.0018998468459730728	0.1257720410280913	0.035572586054354025	0.8206014371997117	0.6731945653947722	0.4609854	13.834491
0.11569213572039923	-0.0059387827054221565	0.10308472430120667	0.059009809938904936	0.14208695146275133	0.6894161139542686	0.016098905	NaN
0.09202640406706498	-0.00150874754243238	0.04395526874685664	0.027678352395110753	0.21230931796267824	0.23131301991718017	0.47233337	34.251404
0.23937142659722166	-0.002760248326009698	0.12492228404418937	0.05697201689973914	0.551796276149702	0.01012729059553057	1.1557325	13.788979
0.02147767695025468	-0.00357596459724733	0.07271266348226885	0.0020621135151112245	0.7238351803950881	0.8923065523499658	0.019322341	115.48491
0.18707615036167505	-0.006720139445994533	0.02055892040929655	0.06302451214337015	0.4912367957292356	0.4880344383317227	0.029567763	NaN
0.020496249254632098	-0.0013019803782759573	0.07623302678087994	0.03519814086933969	0.7748158659711578	0.5535369518920997	0.005395606	NaN
0.013801352768631044	-0.007674708668582313	0.10548120301399246	0.013454447565712586	0.5740961107687702	0.43756513415335946	0.013007325	NaN
0.15412657840716762	-0.007338919921607232	0.08844842512532329	0.07160446811080441	0.8892355948108246	0.7615064872978315	0.004527472	NaN
0.21177426707245398	-0.005526286848499512	0.08643176509917964	0.04750606940114608	0.9869199029936114	0.08241426076012937	0.019336997	NaN
0.2772523664467943	-0.006353619696073108	0.02750332552770761	0.08392798988085005	0.8695813695412813	0.1356512068952113	0.015948717	NaN
0.050214624708543404	-0.006626098064926482	0.09686467292244838	0.029967359231473527	0.42905887790912056	0.683767058348641	0.015212453	NaN
0.27812984428569226	-0.004072090966146884	0.1399655509841086	0.06710999993596962	0.5146873447320136	0.046733371070970336	1.1864502	12.335671
0.12698118379735898	-0.007472356378743059	0.05123351397324981	0.043893455099895014	0.2984580070806847	0.19047415065968434	0.5825895	22.476357
0.06645019389142964	-4.373027217495232E-4	0.06057309048341162	0.008825469938281373	0.7326690301887107	0.20209999751042548	0.33784243	39.207314
0.24551065127032978	-0.005543090592999751	0.10452145060819723	0.0796885149989741	0.12942480069033546	0.02529035243429479	1.1720253	12.195034
0.02534355453300323	-0.0018881907944555943	0.0040725826239798495	0.02980536677860018	0.5371645409951449	0.24429643018255087	0.014490843	NaN
0.23074849903558878	-0.0015259965651685053	0.07074676507768876	0.026152388607038047	0.6925178341423404	0.2625510063466452	0.94966286	13.81461
0.261092142263478	-0.0034875187864596402	0.12459193119835041	0.04750487287359748	0.1112912502110644	0.529776483237216	0.74600714	11.620895
0.30118891122951114	-0.00847421662594334	0.07962669079202607	0.041920729407644616	0.680075232690575	0.17225313431765552	1.1464725	11.792967
0.2518007294913559	-0.007689704585608803	0.08500133705924826	0.004871309316233927	0.47929316080774886	0.9027349694228508	0.1422198	13.593613
0.22068413783688298	-5.272967677977677E-4	0.054156405732362876	0.05198700019503819	0.32365712262113805	0.9308336271898734	0.21860074	17.77058
0.11687812269709948	-0.008946940477373743	0.07385363846411297	0.07269414903451456	0.2407949996281026	0.5214041354584822	0.012311356	NaN
0.06335151218032599	-0.002790677829923991	0.1135594307080554	0.06369201805469459	0.8218044295976059	0.2153928294870851	0.006380952	NaN
0.10291373447106517	-0.0021029203880392464	0.11075664036710799	0.04918551689878708	0.49689619715925515	0.6313016958260647	0.017021978	NaN
0.13769939197427009	-0.0017649225747603547	0.10588978738119782	0.05970150502197284	0.2980211644743209	0.400498770344038	0.03673626	NaN
0.10838880402922592	-0.00861821027037289	0.07241681475841846	0.06404301137669799	0.9310285218064006	0.6128965992653816	0.0052307695	NaN
0.2320111225260187	-0.004357485636963126	0.11251556045696502	0.022064355256772993	0.959765158266	0.1896262885088567	0.09520511	NaN
0.2496423229069775	-0.002109775044375394	0.11110546719018125	0.02628780535960424	0.20056841821891558	0.6509673824982654	0.5517692	11.584758
0.162069229870083	-0.007995185758455994	0.10278767268127474	0.06145408724083962	0.5894869802328055	0.6973351173496806	0.014670328	NaN
0.20361723834658105	-0.0024694015282382405	0.10493518490430342	0.04564944080532818	0.6476357435155076	0.9957688554504732	0.013417581	NaN
0.12446997963678431	-0.006684639100764263	0.09139693516997102	0.009143237641308831	0.16838542506951704	0.2996713668704528	0.48860416	19.523642
0.1491428035222865	-0.0019517350593154493	0.13509610948971779	0.03618473609525868	0.44932737907059184	0.995394148594704	0.102520145	21.149206
0.18407137203677226	-0.008040763039744998	0.12324664977413789	0.05614519296410724	0.5125516135033643	0.9443902369567179	0.01195238	NaN
0.0678645799824496	-0.0010923722450071865	0.109088274194362	0.0781717724656268	0.49882572411059056	0.8844222215377983	0.0046556788	NaN
0.052535575548880546	-0.00432006625781475	0.021117223008929282	0.004280243844502655	0.289552951649237	0.09984033100547865	0.27908066	53.717873
0.058414090732378014	-0.008129928997482053	0.10099800260535112	0.010110938759259567	0.13938788133981816	0.7150753654700547	0.115714274	42.938637
0.14646995971741342	-0.007355785854604705	0.11997357151761387	0.08768240029989556	0.7812620262923076	0.08112544057616171	0.010329671	NaN
0.2630153247137224	-0.0037632311576903488	0.04000303535805367	0.016893509489598193	0.6631637576928935	0.8082760324066943	0.31420875	13.311181
0.04833860034426168	-0.001996041347845822	0.01846512527273277	0.07046077144048352	0.7658643781979361	0.17046520479086041	0.006344322	NaN
0.30445617512156153	-0.008575750713939416	0.0865528225957161	0.0828642580930211	0.9361064895353248	0.6903897707024994	0.0068131867	NaN
0.1311092610784324	-0.0031940175844685603	0.06299271775087642	0.08686407926789351	0.8084829131208129	0.6947139966202458	0.004831502	NaN
0.2832079172390796	-3.0413400252478996E-4	0.052057081373486455	0.02960811967098175	0.5189311209613653	0.6606684574379758	0.61557853	12.366828
0.24851884069673585	-0.0042908018147614	0.022665603315547855	0.004369152677990399	0.47573597660829425	0.08516512983700185	1.2293918	12.525694
0.28945669946462654	-0.006316153558244937	0.0024274985620498096	0.047831954382189804	0.7221431454334147	0.910667196638928	0.03889012	NaN
0.13688310629382056	-0.008266838634195093	0.13454625193111364	0.05762399572980168	0.4247995062733335	0.884067905548446	0.010531137	NaN
0.14291619615714682	-0.0021956292016813792	0.03845412323407205	0.01069093274192368	0.46060023483380275	0.4835992127992768	0.45290104	20.720266
0.22154462042952308	-8.170809960465407E-4	0.09777972247002514	0.0021233039975548026	0.5621729139751318	0.7103160549870107	0.38973978	12.362902
0.0845211972426473	-0.007207853044225957	0.006759746627511003	0.002325129694208271	0.8598867374317143	0.32311390486212904	0.30982044	38.962017
0.1713457260963036	-0.004027756556490824	0.03252859406959772	0.020879068789647105	0.12135243446223679	0.31932786013236353	0.6900804	18.743116
0.008457352417075122	-0.002638771226988271	0.04396226028372928	0.010225386347288774	0.9129722258453402	0.21953691631272274	0.009684975	NaN
0.2979313755170278	-1.992761972867706E-4	0.015083742465623481	0.05517114644481281	0.671993761607466	0.13183267191476775	1.2540147	17.27395
0.04046268136014927	-0.006564655511199952	0.11368675154195833	0.08333856311710647	0.3911913108079944	0.6067949853708762	0.005369964	NaN
0.15322954878911146	-0.003970161539679131	0.11409538874288665	0.05172248340796724	0.4459011506917333	0.9187023302169127	0.014117216	NaN
0.2389420559798372	-0.0015162222006376794	0.021205723274113616	0.03955076185944944	0.5785237425744246	0.9102634338217481	0.21363004	20.224447
0.2381250822509816	-0.006350970272631668	0.024568092698377418	0.04334092714249008	0.14730720286879603	0.7487230984652147	0.42073628	17.449669
0.2191661958924156	-0.0037521358344124686	0.003747651609743096	0.006353166717981587	0.9224701312032784	0.4798215660538014	0.61453843	17.154694
0.09813557888480673	-0.004575045597577955	0.00608763273748667	0.04820429727722366	0.5064132262975344	0.8108902102635209	0.01218315	NaN
0.07768231713915431	-0.00845155709606323	0.09590072923144334	0.0670986306368306	0.6785098186439542	0.07467829970929747	0.009487181	NaN
0.2478160527726722	-0.0038145274136622766	0.13969682116207643	0.08453769301828533	0.6360378294615584	0.33182605529755027	0.019531135	NaN
0.024043913516859645	-0.004073876547158768	0.07905040597159882	0.04229819514973852	0.2681941598600039	0.39124041788249914	0.008043956	NaN
0.23466205318079206	-0.008795402090340958	0.003911633802136733	0.06244178460612995	0.2614758056630573	0.4972727380309786	0.6742963	16.095875
0.2100727394755222	-0.0024159945071148266	0.02142604098483082	0.050885165950644615	0.5733697113084698	0.24223546364605344	0.8402896	19.458893
0.1254487921044987	-0.0031744790546733	0.05456819607735653	0.003078032869598498	0.5132979459465505	0.08409100022925861	0.6579887	20.013952
0.2830964428662486	-0.005523494047517298	0.08109369680893949	0.05029047896259818	0.850841998707438	0.7064736343629353	0.0173663	NaN
0.1732369326179037	-0.00321402867594604	0.11551538279842516	0.06730166457743407	0.7018268337481752	0.38600939829599346	0.016256412	NaN
0.07896080465299758	-0.008581770159209336	0.03811885393584497	0.05652654587696078	0.9729826479910451	0.8784353493827501	0.0025494504	NaN
0.2016935493468018	-0.0018064199933326332	0.027617033382453252	0.041155346338403724	0.5304020508310197	0.0013114053379985058	1.1156884	20.173468
0.21309599774810348	-0.006226664453326602	0.024134479923331217	0.04626778571519875	0.5803480851073556	0.7403060526106039	0.34895965	20.867485
0.22491986091165903	-0.006261447303700664	0.042101999250005455	0.03439642695198782	0.7523022905816269	0.11392330394546309	0.95231855	17.880922
0.12352178121216167	-0.005371372381319878	0.06768668532463451	0.0821446070724094	0.5723203360200216	0.17754457450339353	0.011860806	NaN
0.0056451252979308935	-0.0054731348592083565	0.020999411389734702	0.010427760571079425	0.7333211755315919	0.07257087396295714	0.010908423	NaN
0.06840695612243608	-0.007647373236063613	0.11199183938869325	0.05013355547246817	0.7610961608245671	0.24256820632486037	0.009018314	NaN
0.2424392757074948	-0.001130665221165827	0.062220867002804436	0.05163692605297265	0.7484966492272535	0.3240110290606884	0.10792309	NaN
0.28265389533374974	-0.006901857718310338	0.08812582077205465	0.044029935168082075	0.9730428393586301	0.4542662946061752	0.018589742	NaN
0.26751463398354836	-0.0065296709387570205	0.01980036559030826	0.04322095783036129	0.41737370260708606	0.11481290093720854	1.222355	15.796676
0.25295953901324403	-0.008882602068972874	0.12117771070417217	0.03653015702988493	0.9995045603420191	0.19261202363335486	0.023622712	NaN
0.1307301892556802	-0.0012754902705920178	0.020877068885506115	0.05108343213378564	0.9674332674672786	0.8177621107091918	0.0039047617	NaN
0.27890940713536827	-0.0022734667741958303	0.08953700274085852	0.03942960869686934	0.7765853280133257	0.11823366236161902	1.161278	13.482676
0.14257976470691436	-0.0057490779586499285	0.01020523012622579	0.005338011364901382	0.5099495964630476	0.28409405513267305	0.5669267	23.154877
0.04889217971423337	-0.007619676416607617	0.028245158394602978	0.026857897369708242	0.8102507118887898	0.008627618763782293	0.026446883	NaN
0.24923839364764064	-0.0036291249156555636	0.10029976107357434	3.373469027243903E-4	0.11654184254100702	0.24922330580072202	1.0207618	10.10477
0.0739771835371301	-0.0024017566553446675	0.0062289396862653555	0.035326745408423885	0.4592817607665587	0.4561488956220499	0.051439572	NaN
0.21615928010411312	-0.005030533451185008	0.09077521369717469	0.054968496156360666	0.7980651171930596	0.5568305905965377	0.018043954	NaN
0.09037823970344337	-0.0075804900503964375	0.054244811080508236	0.02265692599492883	0.8441811616074184	0.5253981595920657	0.105864435	46.217167
0.3032565874928096	-9.297523416439329E-4	0.08401011586464191	0.08321573935091406	0.7102394178999105	0.7780929463576458	0.010205127	NaN
0.16173239114206392	-0.006342471512362264	0.055500300720422474	0.044579069898647086	0.26507310750264346	0.7073410484082502	0.3464872	21.23574
0.024377254347654184	-0.008501571956728123	0.1059678440856598	0.08468902079983258	0.8425445148997032	0.7236991964970465	0.002846154	NaN
0.18615260362928088	-0.007526825256475546	0.014180040871826775	0.042969244518297	0.4859544672902286	0.34844085461148183	0.66767776	22.817621
0.19655816343152452	-0.0017898380640500049	0.02082943288835923	0.05795091871489916	0.5884121182561383	0.3532802039399619	0.09486079	NaN
0.23986902757205417	-0.00730836868961141	0.12849078603496697	0.07328367085390208	0.5763465942203677	0.15946468843286435	0.045556776	NaN
0.20048273110305556	-0.008776136619876173	0.046042918092383964	0.03604738075285193	0.14562599644246388	0.6892013185775483	0.4057287	17.226866
0.06925394165791544	-0.003150988608437716	0.1343515975446958	0.010798014784702692	0.4944634397491503	0.43703167454453423	0.24500367	33.2345
0.09259417795000048	-3.9586179688363363E-4	0.050468079794049915	0.06365720809641816	0.4560944304560234	0.5393149566823907	0.011391943	NaN
0.27613074706710583	-0.007827217622519625	0.13349192851847294	0.045735144708627336	0.9484527522217314	0.24621249304642487	0.024369963	NaN
0.23149047749025425	-3.8017257422465233E-4	0.11249458167810035	0.038722505360324504	0.5637884686609823	0.12005196346215834	1.1506741	13.080708