0.11225729420479931	-0.01069431	0.09042102995177013	3.955854E-4	0.5249628	0.0035732928158484713	0.1599414	19.40251
0.14455953874715222	-0.01069431	0.07671200259055731	3.955854E-4	0.5249628	0.0013113739362868506	0.20297067	16.153889
0.09533067680158841	-0.01069431	0.03297085193531578	3.955854E-4	0.5249628	2.0606902262550303E-4	0.13710621	26.416546
0.11588646774182816	-0.01069431	0.08726560731265247	3.955854E-4	0.5249628	2.0018264683323365E-4	0.16540296	19.219553
0.1401912534448747	-0.01069431	0.035958275632156006	3.955854E-4	0.5249628	6.354766352844055E-4	0.19762269	18.503906
0.0940290067012856	-0.01069431	0.054548523942882524	3.955854E-4	0.5249628	0.010795965210436593	0.13353117	24.893126
0.12197265863208605	-0.01069431	0.09282694268925955	3.955854E-4	0.5249628	0.0509440317953703	0.16538471	18.14678
0.14680881134699583	-0.01069431	0.05890436715685167	3.955854E-4	0.5249628	0.00526335986796243	0.2023517	16.507212
0.1211696681646193	-0.01069431	0.02805211211402477	3.955854E-4	0.5249628	0.0034962252380249274	0.17151657	21.731562
0.10766017195960162	-0.01069431	0.05869118886278778	3.955854E-4	0.5249628	0.07265614097314219	0.14203665	21.866898
0.10645910650257753	-0.01069431	0.04257370891703294	3.955854E-4	0.5249628	0.0032616362095818263	0.15024914	23.056683
0.0985830977211033	-0.01069431	0.0801745729642451	3.955854E-4	0.5249628	1.6406796664691228E-4	0.14229673	22.271837
0.12424402079511608	-0.01069431	0.03638674523550036	3.955854E-4	0.5249628	0.015230242320276722	0.17512454	20.556725
0.1380653676461598	-0.01069431	0.10730798223184196	3.955854E-4	0.5249628	8.813656628367079E-4	0.19205123	15.946888
0.10225721451326122	-0.01069431	0.09017421065074983	3.955854E-4	0.5249628	0.0019945936229767234	0.14692311	21.145147
0.13910127881673234	-0.01069431	0.10490691180878911	3.955854E-4	0.5249628	0.00455676567927012	0.1956227	15.758822
0.09881032136338491	-0.01069431	0.051527989891295756	3.955854E-4	0.5249628	0.0029409128528070302	0.14221616	23.824358
0.10346080723263175	-0.01069431	0.05810297132223399	3.955854E-4	0.5249628	4.4021168709529193E-4	0.14854212	22.403448
0.11245616836469793	-0.01069431	0.029036967417274975	3.955854E-4	0.5249628	0.0023310107448004727	0.15925282	23.120926
0.1367899109906822	-0.01069431	0.04884332075509315	3.955854E-4	0.5249628	4.532006870658473E-4	0.1950439	17.948063
0.1328034071456442	-0.01069431	0.02116173949633751	3.955854E-4	0.5249628	4.343659922248414E-4	0.18765198	20.7864
0.11060459805466985	-0.01069431	0.04701347310248019	3.955854E-4	0.5249628	1.302353012286176E-4	0.15854585	21.791298
0.10115335607519846	-0.01069431	0.07194368095137256	3.955854E-4	0.5249628	0.004025894554766436	0.14450184	22.195375
0.11729515309640343	-0.01069431	0.06576960149569613	3.955854E-4	0.5249628	0.0020802746485539094	0.165359	19.773937
0.13585273712307763	-0.01069431	0.025541600198182794	3.955854E-4	0.5249628	0.07324813464045966	0.1796813	20.101923
0.11594011709071736	-0.01069431	0.06967351944856785	3.955854E-4	0.5249628	0.011212676550067604	0.16363005	19.73582
0.11077683599707314	-0.01069431	0.05558728848475329	3.955854E-4	0.5249628	2.3604323550238793E-4	0.1592527	21.292496
0.1436410980133165	-0.01069431	0.02516575551741674	3.955854E-4	0.5249628	0.010216965779934898	0.20052741	18.976969
0.14315142490219177	-0.01069431	0.08031153332111413	3.955854E-4	0.5249628	0.003184869152320799	0.20304036	15.982054
0.13130681204286784	-0.01069431	0.07554212113566322	3.955854E-4	0.5249628	0.05043433800613222	0.17654209	17.558973
0.09544165162686781	-0.01069431	0.09256821442324119	3.955854E-4	0.5249628	0.02107075217465538	0.13561903	22.550367
0.1410662547395412	-0.01069431	0.038329234290743364	3.955854E-4	0.5249628	0.0038733283564743736	0.19979483	18.12188
0.09596873377439406	-0.01069431	0.08527806919282795	3.955854E-4	0.5249628	0.06450010490555155	0.12837729	22.847914
0.10547639418135381	-0.01069431	0.1071404266022947	3.955854E-4	0.5249628	0.01686244708950615	0.15101828	20.129234
0.11909635173774748	-0.01069431	0.03649256314382639	3.955854E-4	0.5249628	2.3950582816220374E-4	0.1699084	21.193947
0.13741679021439795	-0.01069431	0.02863739477149269	3.955854E-4	0.5249628	0.0021551953282475615	0.1910879	19.402388
0.12587060338436967	-0.01069431	0.05740048627539693	3.955854E-4	0.5249628	0.0011355416250867678	0.17535889	18.920675
0.11518636447360985	-0.01069431	0.07523958541301771	3.955854E-4	0.5249628	0.005992064860374358	0.16452014	19.615143
0.14457060253021176	-0.01069431	0.09810557076477193	3.955854E-4	0.5249628	9.287412820856355E-4	0.20263368	15.426257
0.10469069740050474	-0.01069431	0.07102333569321571	3.955854E-4	0.5249628	0.005343041136287889	0.15127106	21.648035
0.12290065904455995	-0.01069431	0.023535932412595193	3.955854E-4	0.5249628	1.5300799764574833E-4	0.17448717	21.955765
0.14085660126052582	-0.01069431	0.10755067216635714	3.955854E-4	0.5249628	1.1792635114360418E-4	0.19807334	15.577363
0.10200300033995591	-0.01069431	0.03658667423838105	3.955854E-4	0.5249628	0.009976848327616413	0.14417951	24.272247
0.14571895098226278	-0.01069431	0.041660109192535155	3.955854E-4	0.5249628	3.1830237488352794E-4	0.20206231	17.49277
0.12816799826540187	-0.01069431	0.05989961359356652	3.955854E-4	0.5249628	0.029442401606156576	0.17696705	18.640978
0.10468967152740807	-0.01069431	0.09637237890056564	3.955854E-4	0.5249628	1.2695494696185046E-4	0.1497692	20.579603
0.146658943697458	-0.01069431	0.03302760997934465	3.955854E-4	0.5249628	0.09810090855623872	0.18655677	18.126362
0.1092029028650555	-0.01069431	0.040010255708394254	3.955854E-4	0.5249628	0.07703234453114496	0.14667763	22.775328
0.11073512562347412	-0.01069431	0.045159121329274354	3.955854E-4	0.5249628	0.081386276022949	0.14579125	22.071415
0.10698723155194019	-0.01069431	0.039278136926724064	3.955854E-4	0.5249628	3.242738128956725E-4	0.15117583	23.211824
0.1463921146121464	-0.01069431	0.066917140915504	3.955854E-4	0.5249628	0.016644937064094163	0.20149086	16.18318
0.11180361934930345	-0.01069431	0.09457053561551669	3.955854E-4	0.5249628	0.0622244978844004	0.15221605	19.528315
0.10096922860328258	-0.01069431	0.08215305397292973	3.955854E-4	0.5249628	3.228146139412084E-4	0.14450921	21.726465
0.11493032478876467	-0.01069431	0.08054040385236379	3.955854E-4	0.5249628	0.004491179474101871	0.16112824	19.484114
0.11566072530457125	-0.01069431	0.055249921743465796	3.955854E-4	0.5249628	0.054883081855703064	0.15724903	20.469818
0.14204603628948625	-0.01069431	0.03693228679483051	3.955854E-4	0.5249628	6.207152592850416E-4	0.1975531	18.186596
0.14289345119394373	-0.01069431	0.07720911332364098	3.955854E-4	0.5249628	0.007417344613094696	0.20431128	16.168503
0.1067880442692327	-0.01069431	0.1062883857182167	3.955854E-4	0.5249628	0.06638513973609175	0.14241396	20.028788
0.11112889866597929	-0.01069431	0.04203031250628264	3.955854E-4	0.5249628	0.0043654017961819525	0.1574982	22.149534
0.09824517498733981	-0.01069431	0.05457401536868639	3.955854E-4	0.5249628	0.0011249299457954786	0.141685	23.771685
0.10427023030734645	-0.01069431	0.10621175006651301	3.955854E-4	0.5249628	1.1347865354924753E-4	0.14693777	20.299425
0.12140203818483947	-0.01069431	0.02529913866929224	3.955854E-4	0.5249628	0.014207432269860392	0.16853112	22.10013
0.10191699428010616	-0.01069431	0.06030964897678631	3.955854E-4	0.5249628	0.09858972763019112	0.13343957	23.058805
0.13791362347553113	-0.01069431	0.09222887230606885	3.955854E-4	0.5249628	0.0013027640198522731	0.19489376	16.255997
0.11608216467503835	-0.01069431	0.05249570558969949	3.955854E-4	0.5249628	9.957611930385025E-4	0.16345058	20.663694
0.09904495686610554	-0.01069431	0.0949610896991423	3.955854E-4	0.5249628	0.04791234530165051	0.13669959	21.683441
0.13987735366618242	-0.01069431	0.06535753629780824	3.955854E-4	0.5249628	0.002854645988421342	0.1950111	16.914307
0.10478720610867286	-0.01069431	0.036336567770565834	3.955854E-4	0.5249628	2.0309913587369252E-4	0.1492235	23.925705
0.10597994861860224	-0.01069431	0.07129854169987884	3.955854E-4	0.5249628	0.020353349036091595	0.14966667	21.25719
0.11675228910560456	-0.01069431	0.08110837903851664	3.955854E-4	0.5249628	5.575874103250368E-4	0.16604397	19.260288
0.10466403501098091	-0.01069431	0.08066816763705749	3.955854E-4	0.5249628	0.04561482735413127	0.14491576	21.227324
0.13034328385621513	-0.01069431	0.07580985029614504	3.955854E-4	0.5249628	0.005620414883371878	0.18260437	17.621092
0.14134363334064792	-0.01069431	0.04733046354803218	3.955854E-4	0.5249628	0.005681910000660766	0.19942857	17.59817
0.1387282077160214	-0.01069431	0.05597303119585746	3.955854E-4	0.5249628	2.3857042609283751E-4	0.19672157	17.565716
0.13277094475541495	-0.01069431	0.10257385306683973	3.955854E-4	0.5249628	0.0014483172067142915	0.18740658	16.501472
0.09869737453347917	-0.01069431	0.030314248948527005	3.955854E-4	0.5249628	0.0031098448424810776	0.14131135	25.866978
0.14653339253187583	-0.01069431	0.07907347604051392	3.955854E-4	0.5249628	0.0019040840171632098	0.2036153	15.820737
0.12186198060088752	-0.01069431	0.09342233072870983	3.955854E-4	0.5249628	0.003693163610522178	0.17248723	17.993694
0.11838052716995855	-0.01069431	0.023318500698091243	3.955854E-4	0.5249628	0.07330235525259385	0.15561536	22.819084
0.10716932964354764	-0.01069431	0.0310559295211628	3.955854E-4	0.5249628	0.0011037484886845758	0.15318313	23.888058
0.1313585529729233	-0.01069431	0.043979946218523705	3.955854E-4	0.5249628	0.09101957092932526	0.17097075	19.121075
0.1198105002313898	-0.01069431	0.022283522233600854	3.955854E-4	0.5249628	0.025175731398345717	0.16409159	22.632782
0.144547424603039	-0.01069431	0.03391206094325437	3.955854E-4	0.5249628	0.037343529870925915	0.19733343	18.117954
0.09808933717297418	-0.01069431	0.057134267153091	3.955854E-4	0.5249628	0.03994863861607569	0.1357436	23.655525
0.11206658211796548	-0.01069431	0.0952762941906113	3.955854E-4	0.5249628	7.904031446519388E-4	0.15984246	19.417006
0.10537236417402407	-0.01069431	0.0338471523400267	3.955854E-4	0.5249628	0.0064178323181571986	0.1506154	23.96756
0.13793513447915	-0.01069431	0.09469531087433293	3.955854E-4	0.5249628	0.0033656217803541303	0.19372521	16.102602
0.13370368387000342	-0.01069431	0.09152166435409131	3.955854E-4	0.5249628	0.004916173808241643	0.18993403	16.706245
0.13858201201682266	-0.01069431	0.06470042555229175	3.955854E-4	0.5249628	0.05094347315722608	0.1861319	17.210905
0.13906617924931278	-0.01069431	0.04441423456760337	3.955854E-4	0.5249628	0.002071608713413034	0.19552746	18.03259
0.10796520908765492	-0.01069431	0.05661467246674609	3.955854E-4	0.5249628	0.0411429850560215	0.15161537	21.697525
0.10733724463750967	-0.01069431	0.09504361183917101	3.955854E-4	0.5249628	0.02878036879280962	0.14897071	20.197721
0.13645788851055723	-0.01069431	0.0790597648522039	3.955854E-4	0.5249628	7.077094975253696E-4	0.19280213	16.835947
0.11027963323082043	-0.01069431	0.09545282732386028	3.955854E-4	0.5249628	0.03865989753166666	0.15030035	19.713938
0.12662519093800226	-0.01069431	0.07229703069676062	3.955854E-4	0.5249628	0.0014000153315008653	0.1796447	18.091082
0.10872682707530522	-0.01069431	0.1061208525582046	3.955854E-4	0.5249628	0.006893406171155407	0.15199997	19.649689
0.10138993559130474	-0.01069431	0.05726935893985731	3.955854E-4	0.5249628	0.006892730986495629	0.1452235	22.932356
0.13286107549972853	-0.01069431	0.023291413578046073	3.955854E-4	0.5249628	4.4113567186619007E-4	0.18411721	20.586834
0.10604852618950415	-0.01069431	0.04173981769119495	3.955854E-4	0.5249628	1.0474466953029072E-4	0.1498754	23.08742
0.10330430320010597	-0.01069431	0.09063705470939037	3.955854E-4	0.5249628	0.009033476309807867	0.14823811	20.877607
0.13095211628414954	-0.01069431	0.10436111931622975	3.955854E-4	0.5249628	0.009729198473448051	0.18373986	16.722939
0.12836331150944877	-0.01069431	0.030147776458253065	3.955854E-4	0.5249628	0.005012162992828836	0.17875095	20.399004
0.1303264014933837	-0.01069431	0.030495026790015634	3.955854E-4	0.5249628	0.002433316607506263	0.18274735	20.07003
0.13053331510416982	-0.01069431	0.07497884785554704	3.955854E-4	0.5249628	0.004035890376663655	0.18534425	17.676262
0.09432585551748816	-0.01069431	0.06191656487439362	3.955854E-4	0.5249628	1.5311614528225177E-4	0.13578752	24.366697
0.09832247567535266	-0.01069431	0.057697599662699106	3.955854E-4	0.5249628	0.014946992663567728	0.14058976	23.535011
0.11558720222627232	-0.01069431	0.029687356860810414	3.955854E-4	0.5249628	0.07176046570864797	0.15212455	22.675964
0.11953598041393253	-0.01069431	0.03760824460935721	3.955854E-4	0.5249628	0.0024184433802033325	0.17162271	21.091923
0.09551364018536083	-0.01069431	0.059356735283378106	3.955854E-4	0.5249628	0.008106541384750069	0.13618316	23.99157
0.10374390145533395	-0.01069431	0.10505118367358297	3.955854E-4	0.5249628	1.0991951939963921E-4	0.14758238	20.354315
0.1284691380530248	-0.01069431	0.029002929149648467	3.955854E-4	0.5249628	0.05149436636669523	0.17242485	20.63424
0.09403839407067037	-0.01069431	0.08967158661718827	3.955854E-4	0.5249628	1.199051809757159E-4	0.13694869	22.771954
0.09788319731396043	-0.01069431	0.08296608542149003	3.955854E-4	0.5249628	0.0036941213538650678	0.14142494	22.228346
0.1296239754399487	-0.01069431	0.0488729062575757	3.955854E-4	0.5249628	0.0799009739417112	0.16949089	19.057055
0.14229656199123286	-0.01069431	0.07809942003900229	3.955854E-4	0.5249628	3.393867635631645E-4	0.20231868	16.190496
0.10353086788404808	-0.01069431	0.04317386726477948	3.955854E-4	0.5249628	0.017831511047853535	0.14590473	23.600586
0.12400006195926863	-0.01069431	0.09399043018870497	3.955854E-4	0.5249628	1.1168191104501795E-4	0.17700002	17.800594
0.12994434935302016	-0.01069431	0.08788095154151247	3.955854E-4	0.5249628	1.961678989290055E-4	0.1840586	17.206755
0.10820297837494636	-0.01069431	0.026212508181336833	3.955854E-4	0.5249628	1.325047169216446E-4	0.15714289	24.258394
0.13003209425548629	-0.01069431	0.05551642393701521	3.955854E-4	0.5249628	3.062223932025746E-4	0.18290123	18.428259
0.13588799619058606	-0.01069431	0.0649044061209172	3.955854E-4	0.5249628	0.01836182291982075	0.18694505	17.3716
0.12018265412628115	-0.01069431	0.1038324278191427	3.955854E-4	0.5249628	0.0034725672691462025	0.17199638	18.00182
0.13855508651661208	-0.01069431	0.04085853984673468	3.955854E-4	0.5249628	0.05031795655254584	0.18404393	18.342134
0.11784826654164174	-0.01069431	0.06314430731589914	3.955854E-4	0.5249628	0.0051238688211855616	0.16672164	19.779419
0.13136061911124186	-0.01069431	0.05635194054486466	3.955854E-4	0.5249628	0.024627103875597387	0.18164107	18.243858
0.14697553176842412	-0.01069431	0.07035234772823373	3.955854E-4	0.5249628	0.0015089160757630839	0.20509891	15.989513
0.14537345735781065	-0.01069431	0.08621901662924111	3.955854E-4	0.5249628	5.858379438265842E-4	0.20353846	15.691018
0.09421220394196611	-0.01069431	0.10281831578317156	3.955854E-4	0.5249628	1.222106082164509E-4	0.13650914	22.164701
0.09905898243597597	-0.01069431	0.04712245383072125	3.955854E-4	0.5249628	0.002653266932932075	0.14369233	24.080482
0.0976787620117745	-0.01069431	0.08937798495848026	3.955854E-4	0.5249628	1.9272156690985776E-4	0.14025272	22.083761
0.10051685446609578	-0.01069431	0.05218741076536974	3.955854E-4	0.5249628	0.017161658428166863	0.14024176	23.519754
0.14679038944177866	-0.01069431	0.049810221699187286	3.955854E-4	0.5249628	0.0029055234311978345	0.20216474	16.939327
0.1164762775056839	-0.01069431	0.08599844284883193	3.955854E-4	0.5249628	0.004447959594281991	0.16161172	19.022173
0.11224555695016561	-0.01069431	0.10375014842470655	3.955854E-4	0.5249628	2.2738819580080238E-4	0.16238831	18.967953
0.12436413292636128	-0.01069431	0.10214169213436229	3.955854E-4	0.5249628	9.590215065683708E-4	0.17638458	17.467632
0.13045762590048948	-0.01069431	0.09871876054895132	3.955854E-4	0.5249628	0.010397663687903935	0.1831245	16.882402
0.1303682483967951	-0.01069431	0.07252756240035844	3.955854E-4	0.5249628	4.464576941370051E-4	0.18580957	17.724886
0.13327011551610946	-0.01069431	0.09534956001486809	3.955854E-4	0.5249628	1.927683254043709E-4	0.18611728	16.570166
0.09377481404265546	-0.01069431	0.0813896714610484	3.955854E-4	0.5249628	0.013462954702533992	0.13575456	23.309237
0.10697658455833325	-0.01069431	0.06343114497288768	3.955854E-4	0.5249628	0.06288217441493317	0.1448864	21.555357
0.1345372197640601	-0.01069431	0.04085080416054719	3.955854E-4	0.5249628	0.03046046179914814	0.18310986	18.808115
0.14472146369012567	-0.01069431	0.06890251095579748	3.955854E-4	0.5249628	0.005797848065922636	0.20011352	16.38641
0.12055322659190704	-0.01069431	0.10266483630283636	3.955854E-4	0.5249628	1.0361941603736996E-4	0.1718278	17.943676
0.10259839658383887	-0.01069431	0.07786201286343686	3.955854E-4	0.5249628	1.2372266522365474E-4	0.14716849	21.715996
0.14670429645594055	-0.01069431	0.05446012284937872	3.955854E-4	0.5249628	0.05244096733472619	0.19401088	16.775732
0.10295291133069169	-0.01069431	0.028907371598549454	3.955854E-4	0.5249628	0.010150888646471259	0.14588276	25.04582
0.13588014332450174	-0.01069431	0.06996370303109505	3.955854E-4	0.5249628	0.0011785307726728176	0.1933846	17.225887
0.12273934614860514	-0.01069431	0.09339310154830324	3.955854E-4	0.5249628	0.012811450684516501	0.17048351	17.937893
0.10361613138608478	-0.01069431	0.05594469983830144	3.955854E-4	0.5249628	1.4499904265045295E-4	0.14777288	22.63059
0.10043438870610326	-0.01069431	0.09619292550696351	3.955854E-4	0.5249628	0.0950827955069892	0.13300365	21.543064
0.11289606018262638	-0.01069431	0.06063477942036756	3.955854E-4	0.5249628	0.03225968381364883	0.15497802	20.713974
0.11205227497149217	-0.01069431	0.046921720351035284	3.955854E-4	0.5249628	0.021645887255021798	0.15646523	21.469906
0.11653585076278819	-0.01069431	0.0884220724648999	3.955854E-4	0.5249628	0.014832797787726396	0.16420132	18.993864
0.1439666176987836	-0.01069431	0.054994194969741506	3.955854E-4	0.5249628	0.002674616077212349	0.20089379	16.954641
0.09826884796859932	-0.01069431	0.10152280665048516	3.955854E-4	0.5249628	0.0010480740516954675	0.14001839	21.337719
0.09383413592934686	-0.01069431	0.05113228537734871	3.955854E-4	0.5249628	0.010864101631614219	0.13154945	25.110058
0.1350417060014208	-0.01069431	0.04085557235911805	3.955854E-4	0.5249628	0.0048840035040530775	0.18891576	18.814749
0.14563231420296113	-0.01069431	0.05032256657680293	3.955854E-4	0.5249628	0.00842957004045001	0.20333332	17.117807
0.133057561021273	-0.01069431	0.05365941329739726	3.955854E-4	0.5249628	0.0030481236745848097	0.1875458	18.241459
0.14360922921665964	-0.01069431	0.06989156659262336	3.955854E-4	0.5249628	5.186661512418326E-4	0.19916114	16.518627
0.13656999692844304	-0.01069431	0.06778337108796723	3.955854E-4	0.5249628	1.6702698963987165E-4	0.19177292	17.333132
0.12755248469999392	-0.01069431	0.061373072164985484	3.955854E-4	0.5249628	5.750322407648862E-4	0.17918307	18.55569
0.13462598803478137	-0.01069431	0.07665304321857136	3.955854E-4	0.5249628	0.009823890518182504	0.18757139	17.07665
0.13210146497869457	-0.01069431	0.07145362141161711	3.955854E-4	0.5249628	1.360460669340287E-4	0.1854029	17.54783
0.10675545015507348	-0.01069431	0.023515717715945437	3.955854E-4	0.5249628	0.020806702511475504	0.15000005	24.997913
0.10461270819582436	-0.01069431	0.08789399594193066	3.955854E-4	0.5249628	0.09528192613158207	0.13558242	21.126202
0.0973311933491977	-0.01069431	0.08610741745526425	3.955854E-4	0.5249628	2.4971052981165054E-4	0.14201464	22.34579
0.14730849119727465	-0.01069431	0.08728551411856292	3.955854E-4	0.5249628	0.02312481600723276	0.19867024	15.567166
0.13581093942026304	-0.01069431	0.08807610999504277	3.955854E-4	0.5249628	0.01787066998571732	0.19043963	16.614914
0.12085530502066835	-0.01069431	0.08036885042361878	3.955854E-4	0.5249628	0.013793951113022078	0.16794874	18.696169
0.11717993424622203	-0.01069431	0.03557673783745939	3.955854E-4	0.5249628	8.898299732735789E-4	0.16971064	21.6153
0.09538141526373475	-0.01069431	0.0654896609770696	3.955854E-4	0.5249628	0.004345393175316256	0.13651645	23.618347
0.13379808316280217	-0.01069431	0.05855344301962609	3.955854E-4	0.5249628	0.00993697921439766	0.18783887	17.874565
0.11308107212628103	-0.01069431	0.06480066236115876	3.955854E-4	0.5249628	1.909384497071683E-4	0.16235903	20.33692
0.12462684457840582	-0.01069431	0.03189200367847809	3.955854E-4	0.5249628	0.003399215407765827	0.17532961	20.871572
0.11439823792360694	-0.01069431	0.07238094237201075	3.955854E-4	0.5249628	0.001879956460849363	0.1637656	19.930515
0.09642173524138563	-0.01069431	0.021689024185244366	3.955854E-4	0.5249628	0.006401655951745894	0.13643593	27.713753
0.13171961433368762	-0.01069431	0.06268749605869839	3.955854E-4	0.5249628	0.0029791154737066733	0.18378384	18.04937
0.1036657737742417	-0.01069431	0.03660804719569931	3.955854E-4	0.5249628	2.8568968060318627E-4	0.14980948	23.950315
0.09846079622536213	-0.01069431	0.09398872671895392	3.955854E-4	0.5249628	0.005856697176638004	0.13701837	21.882395
0.13150016927643346	-0.01069431	0.08902097727092535	3.955854E-4	0.5249628	1.3131066019888345E-4	0.18636268	16.99631
0.10604266108533843	-0.01069431	0.10526344199960909	3.955854E-4	0.5249628	7.127785261801873E-4	0.15365572	19.874392
0.11827225197293958	-0.01069431	0.09233034229554705	3.955854E-4	0.5249628	0.05833266263726034	0.15764838	18.587128
0.10496390128003066	-0.01069431	0.021046020893193462	3.955854E-4	0.5249628	0.0016604566202958202	0.15084979	25.561834
0.0961868176141277	-0.01069431	0.05134238317928694	3.955854E-4	0.5249628	7.326112967617819E-4	0.13976187	24.292185
0.1446280508603281	-0.01069431	0.024130644865683393	3.955854E-4	0.5249628	2.4428520891648547E-4	0.20235899	18.974493
0.12354185260045136	-0.01069431	0.08233222178780773	3.955854E-4	0.5249628	3.2427251096332375E-4	0.1791502	18.083324
0.14667807109173747	-0.01069431	0.026824381801586725	3.955854E-4	0.5249628	4.5309183455983766E-4	0.20490845	18.517664
0.09796492907172219	-0.01069431	0.08528419181746613	3.955854E-4	0.5249628	4.61364309838696E-4	0.13963005	22.166962
0.14746490858826383	-0.01069431	0.06610290156650274	3.955854E-4	0.5249628	6.375970979923528E-4	0.20559715	16.089867
0.10386900696498105	-0.01069431	0.1020712041283527	3.955854E-4	0.5249628	3.253415719174446E-4	0.1488718	20.515896
0.14347356082519166	-0.01069431	0.0745142803767741	3.955854E-4	0.5249628	2.6468763371837275E-4	0.2013187	16.216393
0.09743577851926977	-0.01069431	0.06680268342704306	3.955854E-4	0.5249628	0.06757687930614133	0.13247257	23.280863
0.1470084250022094	-0.01069431	0.04547335108609142	3.955854E-4	0.5249628	9.177548274723033E-4	0.20522709	17.170557
0.12118997220221517	-0.01069431	0.08638890607827336	3.955854E-4	0.5249628	0.00520655364368407	0.17004761	18.49519
0.1381244484739121	-0.01069431	0.10081090742401859	3.955854E-4	0.5249628	6.378527927883915E-4	0.19604026	15.9867525
0.11060972853059867	-0.01069431	0.025421392506916565	3.955854E-4	0.5249628	3.9530191742096285E-4	0.15772168	23.931763
0.09525974133697566	-0.01069431	0.07790126819331677	3.955854E-4	0.5249628	0.05135123270744277	0.12776922	23.345657
0.1285060392998428	-0.01069431	0.03019123902411404	3.955854E-4	0.5249628	2.212346708803326E-4	0.17881326	20.433847
0.13273482782043858	-0.01069431	0.054668960005166814	3.955854E-4	0.5249628	0.015782043479968654	0.18427831	18.232553
0.13758486286688013	-0.01069431	0.10377893738361185	3.955854E-4	0.5249628	0.029095749291804158	0.18557876	16.101341
0.13449862260058473	-0.01069431	0.06142847855996207	3.955854E-4	0.5249628	0.05102891730204341	0.18043964	17.835117
0.13597533705941642	-0.01069431	0.06902083057263061	3.955854E-4	0.5249628	4.943221491239731E-4	0.19117218	17.282932
0.1162416935042766	-0.01069431	0.10398895044933629	3.955854E-4	0.5249628	4.8074493084277625E-4	0.16662271	18.57434
0.1476455005328221	-0.01069431	0.0842999838850965	3.955854E-4	0.5249628	0.0012303612310680578	0.21125647	15.451993
0.14033152647013508	-0.01069431	0.026830067399405983	3.955854E-4	0.5249628	9.410614351208469E-4	0.19570692	19.217323
0.13879637176673404	-0.01069431	0.052848145464453905	3.955854E-4	0.5249628	0.004123482606552807	0.19266668	17.597609
0.1158867789066232	-0.01069431	0.05646861297115163	3.955854E-4	0.5249628	0.040108606560103684	0.16036263	20.443138
0.10208149230693031	-0.01069431	0.03323030817063786	3.955854E-4	0.5249628	5.632748763850868E-4	0.14353842	24.71498
0.09753764215597668	-0.01069431	0.09065123613040614	3.955854E-4	0.5249628	9.017405286226406E-4	0.13694872	22.167913
0.09630471828705653	-0.01069431	0.09691488860396161	3.955854E-4	0.5249628	0.002547236350308191	0.13869965	22.031847
0.11722958051990916	-0.01069431	0.05694302705643561	3.955854E-4	0.5249628	0.0070901041250229875	0.16567397	20.295284
0.13473592778389903	-0.01069431	0.03153338939029146	3.955854E-4	0.5249628	8.853471333437283E-4	0.1911685	19.539928
0.1345146979685572	-0.01069431	0.028610113125716242	3.955854E-4	0.5249628	5.462179296388261E-4	0.19095601	19.704166
0.10363207961835588	-0.01069431	0.0710328250524908	3.955854E-4	0.5249628	0.0012189470750914617	0.14849813	21.728943
0.12749609515768506	-0.01069431	0.03180799311917636	3.955854E-4	0.5249628	0.06703447899312133	0.17190479	20.55647
0.1482833620103781	-0.01069431	0.0290904919958887	3.955854E-4	0.5249628	0.002509443073899741	0.20785347	18.166813
0.11566357519262106	-0.01069431	0.10497936347459857	3.955854E-4	0.5249628	0.004164606060609276	0.16294865	18.53586
0.10675082643963449	-0.01069431	0.025309619418987257	3.955854E-4	0.5249628	6.262644887381595E-4	0.15216847	24.725613
0.12790537756687984	-0.01069431	0.07591933659044355	3.955854E-4	0.5249628	0.05625430837887157	0.17298536	18.055357
0.13480726476884647	-0.01069431	0.07150470336590925	3.955854E-4	0.5249628	0.002039198304607871	0.18903299	17.238783
0.10045534594804634	-0.01069431	0.06215012665715659	3.955854E-4	0.5249628	0.004644657931205468	0.14283888	22.75695
0.11016471710127586	-0.01069431	0.04411627651065971	3.955854E-4	0.5249628	0.0023249623400906937	0.15631503	22.262075
0.10117269819387814	-0.01069431	0.052841501477588856	3.955854E-4	0.5249628	0.006758709144452435	0.14280953	23.299105
0.10674886420054454	-0.01069431	0.066034348841419	3.955854E-4	0.5249628	2.924882349121566E-4	0.15501462	21.41235
0.1485117535078429	-0.01069431	0.05967520947055775	3.955854E-4	0.5249628	0.010393588902635822	0.20384608	16.348478
0.13688955866992425	-0.01069431	0.0767477388706484	3.955854E-4	0.5249628	8.095690602803283E-4	0.1927619	16.77594
0.13227009199739725	-0.01069431	0.07512179794103176	3.955854E-4	0.5249628	0.0010291035645361253	0.18747623	17.415516
0.11670872816930924	-0.01069431	0.08605875759553744	3.955854E-4	0.5249628	3.1419344826065195E-4	0.16572897	19.074526
0.14140255509662258	-0.01069431	0.07660279561950388	3.955854E-4	0.5249628	0.004607119470921019	0.19265564	16.507982
0.12018102942856067	-0.01069431	0.10142227051963372	3.955854E-4	0.5249628	0.004874112243667625	0.16835533	18.11567
0.0944326055315629	-0.01069431	0.10037413875229524	3.955854E-4	0.5249628	3.14957203597627E-4	0.13438463	22.314384
0.11347904406254229	-0.01069431	0.10547946941315459	3.955854E-4	0.5249628	0.020578258176259558	0.15722346	18.840067
0.1183856340115203	-0.01069431	0.10738462276153317	3.955854E-4	0.5249628	0.015068277365349932	0.16572534	18.124208
0.12870981123484157	-0.01069431	0.10126396701504106	3.955854E-4	0.5249628	0.002427576303899251	0.18332238	16.893406
0.12858205113171545	-0.01069431	0.07405367929943672	3.955854E-4	0.5249628	0.0875298331916026	0.16673988	18.007471
0.13011955538686773	-0.01069431	0.077193947189534	3.955854E-4	0.5249628	3.8257677055065397E-4	0.1834029	17.525995
0.13220495147108072	-0.01069431	0.08465305749298187	3.955854E-4	0.5249628	0.0021294270265661943	0.18450916	17.123081
0.13503978399294017	-0.01069431	0.02329548603512933	3.955854E-4	0.5249628	2.006162919359601E-4	0.1901062	20.376587
0.11321467644176993	-0.01069431	0.06724476708061806	3.955854E-4	0.5249628	0.0019686661983777665	0.15947622	20.297546
0.11062930936913093	-0.01069431	0.045967622095460375	3.955854E-4	0.5249628	0.07672570617523297	0.1457143	22.110027
0.12141870448510918	-0.01069431	0.08551883796670232	3.955854E-4	0.5249628	7.177305604506123E-4	0.17261542	18.507727
0.12020103854641717	-0.01069431	0.07123837775342619	3.955854E-4	0.5249628	0.010626795824901796	0.1697912	19.163904
0.12275089834427144	-0.01069431	0.07484814729514713	3.955854E-4	0.5249628	3.453972712665843E-4	0.17566667	18.51627
0.1294942777354866	-0.01069431	0.028832515894556786	3.955854E-4	0.5249628	1.1063190663185402E-4	0.18509153	20.44027
0.13775391417613017	-0.01069431	0.036925851807397325	3.955854E-4	0.5249628	0.05552206805764324	0.18306597	18.810461
0.09808111217091026	-0.01069431	0.04820354996748713	3.955854E-4	0.5249628	0.034667078820553934	0.13463369	24.371136
0.09992070515599244	-0.01069431	0.08078368198873587	3.955854E-4	0.5249628	1.5073067799884342E-4	0.14235894	21.811907
0.11097268314661834	-0.01069431	0.0980162652708735	3.955854E-4	0.5249628	0.010288873485037245	0.15647623	19.525215
0.12207469451687643	-0.01069431	0.07900044043323474	3.955854E-4	0.5249628	1.4462102562541067E-4	0.17078747	18.51474
0.10673625210256275	-0.01069431	0.04626737727665263	3.955854E-4	0.5249628	6.232170978767923E-4	0.15304758	22.609297
0.11764425760275664	-0.01069431	0.05847628373042167	3.955854E-4	0.5249628	1.539927148597464E-4	0.16997069	19.924051
0.13665060917789454	-0.01069431	0.032191488980527774	3.955854E-4	0.5249628	0.003932165995306491	0.19060072	19.060345
0.09376012662389302	-0.01069431	0.07522209636184989	3.955854E-4	0.5249628	0.07775161812693511	0.12668863	23.649809
0.14488251728056473	-0.01069431	0.036992800814747304	3.955854E-4	0.5249628	0.020434169196019283	0.19973269	17.972519
0.11146073117072086	-0.01069431	0.05504312685847537	3.955854E-4	0.5249628	0.00197260383961813	0.1587106	21.152243
0.10375814084109623	-0.01069431	0.09544022560745628	3.955854E-4	0.5249628	0.01701730014644268	0.14553848	20.749376
0.09789630467653274	-0.01069431	0.06318556129271076	3.955854E-4	0.5249628	0.0032852407797256057	0.1419451	23.394335
0.1472808707619288	-0.01069431	0.03489029063288916	3.955854E-4	0.5249628	2.77835485791996E-4	0.20719787	17.755203
0.13167850119238714	-0.01069431	0.06287838302671704	3.955854E-4	0.5249628	0.008067191031186461	0.1836117	17.987835
0.12258319511558932	-0.01069431	0.06551845114378496	3.955854E-4	0.5249628	0.010983203654318414	0.17519414	19.006775
0.10948000788160968	-0.01069431	0.04815919555984533	3.955854E-4	0.5249628	5.686481631285821E-4	0.15484242	21.978184
0.11689780924471883	-0.01069431	0.03573027051253583	3.955854E-4	0.5249628	0.003836827531103197	0.16666296	21.656118
0.12128106500986913	-0.01069431	0.09573436054654609	3.955854E-4	0.5249628	0.004791348155776795	0.17150182	18.084614
0.14688713872280834	-0.01069431	0.095668338574826	3.955854E-4	0.5249628	2.1122824682616822E-4	0.20505126	15.389788
0.1270414369539586	-0.01069431	0.038341583869138274	3.955854E-4	0.5249628	2.449518860071324E-4	0.1805568	19.918736
0.1339033670738642	-0.01069431	0.02812438511594556	3.955854E-4	0.5249628	0.004724644761636738	0.18798171	19.900286
0.12849417817123981	-0.01069431	0.06738761726183104	3.955854E-4	0.5249628	0.05825881060983594	0.17389745	18.22609
0.10519924826702712	-0.01069431	0.055735538828148606	3.955854E-4	0.5249628	5.730470447120376E-4	0.15041022	22.305708
0.12018711453198902	-0.01069431	0.058610368489126194	3.955854E-4	0.5249628	0.009188035314415527	0.16823436	19.650091
0.1338617608227241	-0.01069431	0.09277109917952857	3.955854E-4	0.5249628	0.00136972070726918	0.1889597	16.687424
0.10569872124986301	-0.01069431	0.1044250117092195	3.955854E-4	0.5249628	0.009836560207332059	0.1490109	20.158716
0.10177703018303705	-0.01069431	0.04332723502455209	3.955854E-4	0.5249628	0.037632092775916275	0.14126737	23.94828
0.14539184732758925	-0.01069431	0.09255256798231383	3.955854E-4	0.5249628	0.09079467894513896	0.18553852	15.774542
0.1449932445348985	-0.01069431	0.0675014278551371	3.955854E-4	0.5249628	2.9998995360516875E-4	0.20445053	16.303457
0.13911257816700723	-0.01069431	0.03705375359755453	3.955854E-4	0.5249628	0.07325402079971878	0.1819084	18.61403
0.14670104669871142	-0.01069431	0.09010924514142958	3.955854E-4	0.5249628	0.0013872334712160847	0.20638095	15.44974
0.11121331454218267	-0.01069431	0.10199960599215252	3.955854E-4	0.5249628	0.031063255493770033	0.15619057	19.23647
0.12083817540751635	-0.01069431	0.07150862224105074	3.955854E-4	0.5249628	0.0039299643174913615	0.17143214	18.888449
0.09654483236063681	-0.01069431	0.07474307569478339	3.955854E-4	0.5249628	0.0010549942935349842	0.13951644	22.857538
0.1345595990033021	-0.01069431	0.02509765531521907	3.955854E-4	0.5249628	0.027294717364092336	0.18285346	20.239315
0.10589849896998799	-0.01069431	0.025205537119718582	3.955854E-4	0.5249628	0.0049476221076003345	0.14991209	24.821905
0.11170375639870206	-0.01069431	0.058413721777442	3.955854E-4	0.5249628	0.011880519222161462	0.15716489	21.08748
0.10011559393206812	-0.01069431	0.06821479093057302	3.955854E-4	0.5249628	0.010115171552251933	0.1442344	22.522287
0.11346950556090406	-0.01069431	0.06022081637668719	3.955854E-4	0.5249628	0.001329732734555389	0.1610329	20.649303
0.10984663025815217	-0.01069431	0.08749326389415461	3.955854E-4	0.5249628	0.06005164363056336	0.14824173	20.048431
0.11285247538026645	-0.01069431	0.048379212323281545	3.955854E-4	0.5249628	3.653735073152476E-4	0.16016477	21.312181
0.11636553750930366	-0.01069431	0.07807765975094395	3.955854E-4	0.5249628	0.003075080511447422	0.1665604	19.398224
0.14474145212228712	-0.01069431	0.0618009514924826	3.955854E-4	0.5249628	0.0012652456337003577	0.20251647	16.558813
0.12915683572421946	-0.01069431	0.09432203298862588	3.955854E-4	0.5249628	3.3272175093214574E-4	0.18429299	17.044153
0.13140001199852847	-0.01069431	0.10277368055614207	3.955854E-4	0.5249628	0.004196593375127667	0.18305868	16.738398
0.10262043386010426	-0.01069431	0.0776132425063535	3.955854E-4	0.5249628	0.08242507901656436	0.13560802	21.69267
0.12229911032286324	-0.01069431	0.038414924135588856	3.955854E-4	0.5249628	0.04007132764060262	0.17010988	20.565405
0.1472519650393376	-0.01069431	0.08037120149649905	3.955854E-4	0.5249628	0.0196816401067571	0.202337	15.751123
0.14241173374936528	-0.01069431	0.08476992380703549	3.955854E-4	0.5249628	0.02375113576495526	0.19595972	16.094389
0.14667470768212063	-0.01069431	0.08625430280192518	3.955854E-4	0.5249628	0.0022737314506969994	0.20204027	15.548356
0.09928302085837543	-0.01069431	0.05441024103648569	3.955854E-4	0.5249628	0.01605173710319832	0.13798901	23.651497
0.13775095805441429	-0.01069431	0.046329810920152675	3.955854E-4	0.5249628	0.0010237347579685906	0.1936227	18.096827
0.13007157529315047	-0.01069431	0.06369242158958223	3.955854E-4	0.5249628	0.03785942469414714	0.17645788	18.145317
0.1070995756835344	-0.01069431	0.06129893326869908	3.955854E-4	0.5249628	0.004845242653522316	0.15444319	21.465128
0.13036305143918364	-0.01069431	0.10485651788300455	3.955854E-4	0.5249628	0.002476184301434096	0.18233334	16.679386
0.13077677627760173	-0.01069431	0.10480927961540946	3.955854E-4	0.5249628	2.5285950329731124E-4	0.1853114	16.540138
0.1273779324389067	-0.01069431	0.09258828626740978	3.955854E-4	0.5249628	5.620676112531381E-4	0.18147627	17.457523
0.12818201839695473	-0.01069431	0.060735023856724094	3.955854E-4	0.5249628	0.05282877443348655	0.1748864	18.577923
0.12218140777474429	-0.01069431	0.0884208965207822	3.955854E-4	0.5249628	0.039789839313754544	0.1676081	18.201742
0.1341852908378547	-0.01069431	0.031139776710984193	3.955854E-4	0.5249628	0.061056908396141925	0.17731494	19.66199
0.12481512779997736	-0.01069431	0.04749237369829214	3.955854E-4	0.5249628	2.494148870577517E-4	0.17677654	19.57206
0.12195927103430318	-0.01069431	0.06184472321123721	3.955854E-4	0.5249628	5.713053608390335E-4	0.1735238	19.272297
0.11636734396880347	-0.01069431	0.10085410516342422	3.955854E-4	0.5249628	0.0010781316806888898	0.16418685	18.602898
0.13194967682899317	-0.01069431	0.08308409189244136	3.955854E-4	0.5249628	1.1627360226994353E-4	0.18464833	17.133696
0.1353227175119498	-0.01069431	0.10099393025386597	3.955854E-4	0.5249628	2.389578379385667E-4	0.19067027	16.297064
0.11593240162815238	-0.01069431	0.06525911698898547	3.955854E-4	0.5249628	0.009230882534112294	0.1638609	19.925718
0.14040500058634975	-0.01069431	0.10763169076918787	3.955854E-4	0.5249628	0.009179513715538356	0.1970953	15.64131
0.14645096943039715	-0.01069431	0.08376966738150166	3.955854E-4	0.5249628	1.2848357300968555E-4	0.20630036	15.626121
0.1466047456760922	-0.01069431	0.038406024403930476	3.955854E-4	0.5249628	9.365991941181364E-4	0.20505492	17.640623
0.09383533800324088	-0.01069431	0.04559758873676044	3.955854E-4	0.5249628	0.04305506921895438	0.1294725	25.510212
0.10946460702852631	-0.01069431	0.0661800784885058	3.955854E-4	0.5249628	0.0034904469363132872	0.15329671	20.976706
0.1211087858377857	-0.01069431	0.07495112998503324	3.955854E-4	0.5249628	0.05099827973763873	0.16620515	18.896328
0.14658748467126687	-0.01069431	0.03840822701837754	3.955854E-4	0.5249628	1.7811945959421492E-4	0.20570697	17.61879
0.11978858973671189	-0.01069431	0.0937469030240076	3.955854E-4	0.5249628	5.128969956936267E-4	0.17097063	18.222223
0.11337391539039265	-0.01069431	0.073082287766658	3.955854E-4	0.5249628	4.8733087409715E-4	0.16277291	19.943655
0.14673696093111183	-0.01069431	0.08294496941505043	3.955854E-4	0.5249628	0.020026811702881005	0.20358238	15.695937
0.10991348076890178	-0.01069431	0.06750549964447558	3.955854E-4	0.5249628	0.09258255137992902	0.14363003	20.966492
0.09414447889416619	-0.01069431	0.08696848548485503	3.955854E-4	0.5249628	1.4547445816680277E-4	0.13609885	22.81719
0.10791095769020684	-0.01069431	0.05682015608027889	3.955854E-4	0.5249628	0.01016564551830548	0.15373255	21.642557
0.12245959221329084	-0.01069431	0.04793871899618601	3.955854E-4	0.5249628	0.002086101247539638	0.17501463	19.978924
0.10555215587787897	-0.01069431	0.07502957345204196	3.955854E-4	0.5249628	1.7077572862638418E-4	0.15088649	21.146412
0.11145121904306053	-0.01069431	0.021318855226695178	3.955854E-4	0.5249628	0.06977261047223629	0.14642859	24.470615
0.12322574006457758	-0.01069431	0.095551728518193	3.955854E-4	0.5249628	0.0019303928799416828	0.17558612	17.866446
0.09722511212768205	-0.01069431	0.03580901492500913	3.955854E-4	0.5249628	0.00296508162225928	0.13920882	25.546066
0.09487910952610736	-0.01069431	0.0625260420363537	3.955854E-4	0.5249628	0.09194242730106639	0.12419778	24.41776
0.13252486593515383	-0.01069431	0.063380985372511	3.955854E-4	0.5249628	0.0010605148994384576	0.18697433	17.853628
0.10857859543540205	-0.01069431	0.05748684527114714	3.955854E-4	0.5249628	0.03495553158113528	0.14874724	21.553411
0.12364091021820776	-0.01069431	0.0800368508647124	3.955854E-4	0.5249628	3.999586196552768E-4	0.17366304	18.282272
0.1264116501638044	-0.01069431	0.07582562577773032	3.955854E-4	0.5249628	1.550403234928936E-4	0.17671792	18.12385
0.14182330213947472	-0.01069431	0.021188743398273372	3.955854E-4	0.5249628	0.03818474753831905	0.1935714	19.68853
0.11293535530885249	-0.01069431	0.05172048534510721	3.955854E-4	0.5249628	0.01867898561160511	0.1574176	21.071318
0.12533739242476696	-0.01069431	0.03882294875987756	3.955854E-4	0.5249628	5.303077589330667E-4	0.17697068	20.23285
0.14356911671213063	-0.01069431	0.022400172824225587	3.955854E-4	0.5249628	0.011911538811631425	0.19745061	19.405928
0.0990292232307235	-0.01069431	0.08240152220902443	3.955854E-4	0.5249628	0.00666261164271303	0.14326368	22.05038
0.09639914151035563	-0.01069431	0.030597504660084103	3.955854E-4	0.5249628	0.0010792591487148629	0.13941757	26.450848
0.13487352537928068	-0.01069431	0.09533596884187227	3.955854E-4	0.5249628	5.341106266781205E-4	0.19135536	16.411957
0.12725472220951045	-0.01069431	0.03374952286675399	3.955854E-4	0.5249628	5.005897383844702E-4	0.17896338	20.151525
0.14048830795576803	-0.01069431	0.07605699612397746	3.955854E-4	0.5249628	0.0222975374116103	0.19346522	16.55734
0.12035366980214585	-0.01069431	0.03841841833919236	3.955854E-4	0.5249628	0.0018090657362651848	0.17072162	20.839495
0.12806597543449647	-0.01069431	0.06775780436039126	3.955854E-4	0.5249628	6.284612845294227E-4	0.18249081	18.212337
0.11871282861954771	-0.01069431	0.053727433929414606	3.955854E-4	0.5249628	0.02775118277800419	0.16487913	20.178366
0.1302460358084852	-0.01069431	0.1069433296228878	3.955854E-4	0.5249628	0.007556779321176981	0.18598166	16.728554
0.1321753028466086	-0.01069431	0.07832402292529059	3.955854E-4	0.5249628	0.004977975671582296	0.18655677	17.340319
0.14514522290921675	-0.01069431	0.07749056038341619	3.955854E-4	0.5249628	0.010685980558598492	0.2020806	16.052364
0.10910282806663313	-0.01069431	0.07654721122566271	3.955854E-4	0.5249628	1.300521446791455E-4	0.15568502	20.50808
0.14030052976286972	-0.01069431	0.0984485057177224	3.955854E-4	0.5249628	9.261655309458455E-4	0.19627112	15.831595
0.10627554407523047	-0.01069431	0.09016720423087529	3.955854E-4	0.5249628	5.327344460541096E-4	0.15129302	20.356483
0.10299642518930616	-0.01069431	0.03175338461211674	3.955854E-4	0.5249628	0.0668316828963551	0.13445428	24.998814
0.13193107192382086	-0.01069431	0.08847705847093314	3.955854E-4	0.5249628	5.81683543304629E-4	0.18654948	16.973322
0.10992001527595113	-0.01069431	0.04346266242874363	3.955854E-4	0.5249628	4.2464658886627295E-4	0.15800732	22.298859
0.1398108505173096	-0.01069431	0.021686764572883446	3.955854E-4	0.5249628	0.02345837064579793	0.19276546	19.848526
0.12248175122342897	-0.01069431	0.07854146654786663	3.955854E-4	0.5249628	0.004839689344082275	0.17352745	18.422855
0.1056786262579881	-0.01069431	0.050885187902495715	3.955854E-4	0.5249628	0.003483269537136974	0.15383884	22.501461
0.14059855478945224	-0.01069431	0.026348945814131653	3.955854E-4	0.5249628	0.0026381846605485677	0.19521618	19.24571
0.14192673148011772	-0.01069431	0.03708622755808168	3.955854E-4	0.5249628	0.005079155990615758	0.20080957	18.153538
0.14739619792609218	-0.01069431	0.02736739132735999	3.955854E-4	0.5249628	0.004438938941775887	0.20661907	18.290825
0.1331891423148595	-0.01069431	0.07862551845638734	3.955854E-4	0.5249628	0.006067757684280594	0.18664102	17.208595
0.11495617224165855	-0.01069431	0.10430794969862729	3.955854E-4	0.5249628	0.0017853287099157582	0.16532598	18.568474
0.11012163758861483	-0.01069431	0.06573443211546959	3.955854E-4	0.5249628	1.1757593583849251E-4	0.15557146	20.883478
0.10889911537129221	-0.01069431	0.05666077354434591	3.955854E-4	0.5249628	0.016604563241484318	0.15141392	21.59974
0.1111365671869298	-0.01069431	0.09789020116443024	3.955854E-4	0.5249628	0.010073771900507593	0.15574358	19.516977
0.10401545440427648	-0.01069431	0.06331530430611511	3.955854E-4	0.5249628	0.0015411433510622576	0.15023085	21.978508
0.13665512633994698	-0.01069431	0.05476270882630814	3.955854E-4	0.5249628	0.00207310123541169	0.19212453	17.78507
0.12773674416993971	-0.01069431	0.055903969900134104	3.955854E-4	0.5249628	0.007750583568597975	0.18111351	18.858335
0.13304536931998204	-0.01069431	0.0964644327974759	3.955854E-4	0.5249628	2.3910686349038602E-4	0.18914294	16.603764
0.10400349832398192	-0.01069431	0.06199910613904401	3.955854E-4	0.5249628	0.007887713996664034	0.14721243	22.191
0.1293692560699696	-0.01069431	0.07555635241965038	3.955854E-4	0.5249628	0.0016137803877208131	0.18258968	17.787695
0.1437116927986493	-0.01069431	0.03203868542165489	3.955854E-4	0.5249628	0.002414160328310116	0.20199265	18.337324
0.14141709896616983	-0.01069431	0.09743796644338013	3.955854E-4	0.5249628	0.0647267117653134	0.18810622	15.862896
0.09958837716308981	-0.01069431	0.038852841532311846	3.955854E-4	0.5249628	7.770205463142125E-4	0.1443004	24.72457
0.11924119985740031	-0.01069431	0.04922221252562307	3.955854E-4	0.5249628	0.008338262943655764	0.168293	20.30158
0.13813028658356885	-0.01069431	0.05125608376102143	3.955854E-4	0.5249628	0.05259722230890646	0.1819634	17.881235
0.11791282790031857	-0.01069431	0.05138680568672083	3.955854E-4	0.5249628	0.004820986711286797	0.16893029	20.3775
0.1358941557041527	-0.01069431	0.027322046804869826	3.955854E-4	0.5249628	0.004378926169516795	0.19075824	19.710533
0.09537151741200987	-0.01069431	0.043479766323890945	3.955854E-4	0.5249628	0.03448451456470139	0.13016486	25.474451
0.14846655874762046	-0.01069431	0.03033143531975288	3.955854E-4	0.5249628	0.052069900114042174	0.1965091	18.05144
0.10261514025611553	-0.01069431	0.04621884580790262	3.955854E-4	0.5249628	0.09111228024527128	0.13542861	23.494354
0.12259924683604383	-0.01069431	0.09783489059276271	3.955854E-4	0.5249628	0.006132812642799588	0.17509522	17.752806
0.11582122577449395	-0.01069431	0.0342434290484509	3.955854E-4	0.5249628	0.0021811961672956095	0.1650403	22.039787
0.12410750200661368	-0.01069431	0.045695767115617625	3.955854E-4	0.5249628	1.0155456406954227E-4	0.17575824	19.914795
0.11024790775238957	-0.01069431	0.057530199136793234	3.955854E-4	0.5249628	0.02367434650072593	0.15539558	21.347677
0.10409269470486888	-0.01069431	0.02374708403791843	3.955854E-4	0.5249628	0.001166140904463738	0.14909159	25.385666
0.10015673913043464	-0.01069431	0.09671811000457398	3.955854E-4	0.5249628	0.04974565087455009	0.13786449	21.42606
0.1410203456193403	-0.01069431	0.08591077543044631	3.955854E-4	0.5249628	0.0789718798914656	0.18456404	16.20066
0.14563280452697944	-0.01069431	0.0714370059174405	3.955854E-4	0.5249628	0.0011275966770432251	0.2044615	16.118446
0.12745772701507624	-0.01069431	0.08911460327671956	3.955854E-4	0.5249628	0.021969473812429405	0.17633326	17.554909
0.11422971512982248	-0.01069431	0.03471518427473555	3.955854E-4	0.5249628	2.269060869452908E-4	0.16372156	22.128967
0.14847560027631834	-0.01069431	0.06236961184062384	3.955854E-4	0.5249628	0.0019108522280264525	0.20480226	16.286057
0.122841794592762	-0.01069431	0.07819078837971377	3.955854E-4	0.5249628	0.0011492130764096157	0.1733297	18.529898
0.1366394755864966	-0.01069431	0.07874528325475011	3.955854E-4	0.5249628	0.011870406095986238	0.18944323	16.903996
0.10189073227086959	-0.01069431	0.06547299809254815	3.955854E-4	0.5249628	0.08477288530594265	0.13384248	22.62222
0.11283716976544378	-0.01069431	0.07810443278814443	3.955854E-4	0.5249628	0.04429379519703474	0.15471062	19.898254
0.10573175442583284	-0.01069431	0.10557024844495587	3.955854E-4	0.5249628	0.011421083939579687	0.14719774	20.020418
0.1071998833296398	-0.01069431	0.07908386042089846	3.955854E-4	0.5249628	0.007503540112666207	0.15310618	20.728575
0.1222965419841954	-0.01069431	0.06763647220769599	3.955854E-4	0.5249628	0.00316532020704674	0.17576557	18.909325
0.1441747971661826	-0.01069431	0.0392868989612158	3.955854E-4	0.5249628	0.005527943475351713	0.20426373	17.76856
0.10087014819774912	-0.01069431	0.09836572138676583	3.955854E-4	0.5249628	0.0026075062963319363	0.14346889	21.043673
0.12413435709550161	-0.01069431	0.05732064677185621	3.955854E-4	0.5249628	2.095051561705749E-4	0.1738645	19.21321
0.11306850806464766	-0.01069431	0.04185485766463772	3.955854E-4	0.5249628	0.0021754142305597524	0.16223447	21.87547
0.1299323107333166	-0.01069431	0.06322994272320331	3.955854E-4	0.5249628	0.006130202092344326	0.18422346	18.06977
0.11173052914216153	-0.01069431	0.050439284090162705	3.955854E-4	0.5249628	0.008479816742953589	0.15722713	21.442049
0.12207188117436107	-0.01069431	0.09805636953543588	3.955854E-4	0.5249628	0.011688687538017994	0.17290838	17.839388
0.12094670943828453	-0.01069431	0.07972603024659455	3.955854E-4	0.5249628	6.375035058137773E-4	0.17463374	18.59883
0.10726422922823738	-0.01069431	0.024494177789003167	3.955854E-4	0.5249628	0.016010958748900482	0.14910257	24.748608
0.12448549517191694	-0.01069431	0.10227413314634275	3.955854E-4	0.5249628	0.03014510977217212	0.17180942	17.494371
0.10396999218553724	-0.01069431	0.04702126621874259	3.955854E-4	0.5249628	2.5344649450582767E-4	0.149304	23.080269
0.10642476107634692	-0.01069431	0.08360726057189835	3.955854E-4	0.5249628	6.01783156317297E-4	0.15000364	20.796877
0.1293318899824229	-0.01069431	0.051091767653236475	3.955854E-4	0.5249628	0.0585927185137489	0.17325278	18.918964
0.10915366661639521	-0.01069431	0.06545182550877239	3.955854E-4	0.5249628	0.007321438435944398	0.15726006	21.017689
0.13833050188589902	-0.01069431	0.026378540710025263	3.955854E-4	0.5249628	6.29159035058839E-4	0.1942638	19.554968
0.11254660918954522	-0.01069431	0.08947192536661146	3.955854E-4	0.5249628	0.010656089905650926	0.15963374	19.485374
0.09856377157134377	-0.01069431	0.035912676539544504	3.955854E-4	0.5249628	5.00168801792886E-4	0.14049089	25.11095
0.11129908901973729	-0.01069431	0.022320228847447394	3.955854E-4	0.5249628	0.0018491348511247186	0.15731135	24.18385
0.10115245197005	-0.01069431	0.0423939326809817	3.955854E-4	0.5249628	4.707719036810149E-4	0.14628568	23.862196
0.12147995692672964	-0.01069431	0.1024380457696109	3.955854E-4	0.5249628	1.672761363611329E-4	0.173066	17.830729
0.10926493779258684	-0.01069431	0.10572292533121033	3.955854E-4	0.5249628	0.050581531912512696	0.1491099	19.566406
0.13405291785776263	-0.01069431	0.029044063074713345	3.955854E-4	0.5249628	0.05785100636296491	0.17890114	19.735481
0.10333826747021184	-0.01069431	0.02812047920308965	3.955854E-4	0.5249628	3.8765671001990914E-4	0.14982784	24.931122
0.148019716438395	-0.01069431	0.022025817212654727	3.955854E-4	0.5249628	0.03659237067473202	0.1979231	18.877502
0.09765756295407417	-0.01069431	0.042511167554794775	3.955854E-4	0.5249628	0.001487710723590291	0.13833337	24.730383
0.145845271265726	-0.01069431	0.021242785959418732	3.955854E-4	0.5249628	4.2240634699684647E-4	0.20368865	19.254757
0.13425997898130368	-0.01069431	0.04191566706369822	3.955854E-4	0.5249628	2.0027960807066425E-4	0.18708052	18.759594
0.13143450148127162	-0.01069431	0.04375148363732863	3.955854E-4	0.5249628	1.5658908562463745E-4	0.18565558	19.044115
0.1022830659365626	-0.01069431	0.022811380738238553	3.955854E-4	0.5249628	0.05926943584861023	0.13896337	26.144691
0.10146594002184736	-0.01069431	0.02136869953951287	3.955854E-4	0.5249628	1.3423107186781225E-4	0.14643215	26.470886
0.14564330133466594	-0.01069431	0.05248388766640956	3.955854E-4	0.5249628	4.3810625408273864E-4	0.20369227	16.849258
0.11980051404538794	-0.01069431	0.0489172625433795	3.955854E-4	0.5249628	1.00482260273216E-4	0.17009896	20.28532
0.09744429934648102	-0.01069431	0.02443559298152004	3.955854E-4	0.5249628	0.028993735126439088	0.13443956	27.022413
0.09664997042583097	-0.01069431	0.10222896741566169	3.955854E-4	0.5249628	9.337523765149511E-4	0.14206958	21.76705
0.11676950656625859	-0.01069431	0.04309459857032741	3.955854E-4	0.5249628	9.849990280722185E-4	0.1669305	21.071049
0.125769489032905	-0.01069431	0.052316030120150125	3.955854E-4	0.5249628	0.043555226456294276	0.17120507	19.19546
0.10591567524841974	-0.01069431	0.027737263707824512	3.955854E-4	0.5249628	0.003256719265416523	0.15144686	24.541101
0.1460409207082928	-0.01069431	0.05273266815244969	3.955854E-4	0.5249628	3.128241163977797E-4	0.20314646	16.864056
0.14111308403861156	-0.01069431	0.06925621178940387	3.955854E-4	0.5249628	0.01769685089947478	0.19529305	16.648396
0.11357478680615393	-0.01069431	0.09647329026548165	3.955854E-4	0.5249628	1.1793899828291932E-4	0.16050185	19.064232
0.12468167500084548	-0.01069431	0.09141466035933715	3.955854E-4	0.5249628	3.170056338552199E-4	0.1771282	17.741879
0.11648815380736206	-0.01069431	0.059673206884957725	3.955854E-4	0.5249628	2.1132827781179524E-4	0.16413186	20.203592
0.11427669493918649	-0.01069431	0.050671143394691906	3.955854E-4	0.5249628	2.8282236016100124E-4	0.16321245	21.028347
0.10605819035376389	-0.01069431	0.07972550651335289	3.955854E-4	0.5249628	0.0020326944035354367	0.15107319	20.829731
0.10413109935594048	-0.01069431	0.05422655039541323	3.955854E-4	0.5249628	0.022472757434031775	0.1463407	22.613943
0.14100081314796006	-0.01069431	0.06131422698030216	3.955854E-4	0.5249628	1.3541601541608447E-4	0.19733694	17.070621
0.10463762671095571	-0.01069431	0.035801225640846215	3.955854E-4	0.5249628	0.0011042978950135695	0.14896701	24.023174
0.14133317358607203	-0.01069431	0.07264651791494857	3.955854E-4	0.5249628	0.0026926608872889913	0.19810624	16.453506
0.10621825177505985	-0.01069431	0.052917856602065744	3.955854E-4	0.5249628	0.0027264566136159696	0.15045787	22.114662
0.1077267014265931	-0.01069431	0.02383608993171854	3.955854E-4	0.5249628	6.714804689794979E-4	0.15273625	24.656153
0.10911397538299072	-0.01069431	0.06096530191365508	3.955854E-4	0.5249628	0.031187715384681427	0.14880587	21.348759
0.14720504676823298	-0.01069431	0.0602483139687907	3.955854E-4	0.5249628	0.0032695087050451316	0.2054871	16.380608
0.10618656151092956	-0.01069431	0.0456497603797098	3.955854E-4	0.5249628	2.677372562908528E-4	0.15062997	22.74134
0.1219341302228235	-0.01069431	0.09709723860895815	3.955854E-4	0.5249628	0.03673188598317512	0.1651539	18.042585
0.1248627549885876	-0.01069431	0.09022987501874531	3.955854E-4	0.5249628	2.4221173471961112E-4	0.17356779	17.717085
0.1313611550181489	-0.01069431	0.04028192464515662	3.955854E-4	0.5249628	0.034054682449934814	0.18042494	19.236298
0.1206686769806902	-0.01069431	0.025028207886108583	3.955854E-4	0.5249628	0.012699328401665873	0.17081316	22.030676
0.1065959628923575	-0.01069431	0.0517341539887021	3.955854E-4	0.5249628	0.03989099893433291	0.14774358	22.271952
0.14626744942325115	-0.01069431	0.09390523867256666	3.955854E-4	0.5249628	2.7604541662621843E-4	0.20452015	15.390108
0.13894132138837	-0.01069431	0.06752679669737528	3.955854E-4	0.5249628	7.126100365917023E-4	0.19563735	16.949097
0.14322894566372152	-0.01069431	0.097448311944029	3.955854E-4	0.5249628	0.003312970887456452	0.20049088	15.586162
0.10379428314767614	-0.01069431	0.02311767309282578	3.955854E-4	0.5249628	0.016625698309966935	0.14731862	25.650908
0.11646040078572116	-0.01069431	0.09842879753456957	3.955854E-4	0.5249628	0.06972295786355398	0.15381327	18.905363
0.12758429834630297	-0.01069431	0.10729938963855679	3.955854E-4	0.5249628	0.0034790306199870224	0.18094136	16.909956
0.10091698269699897	-0.01069431	0.035446158456078264	3.955854E-4	0.5249628	1.1494447406109808E-4	0.14478754	24.621155
0.1367782485980242	-0.01069431	0.10240952383043399	3.955854E-4	0.5249628	0.046212546230930206	0.18479857	16.091627
0.0947721828019006	-0.01069431	0.10559570220352786	3.955854E-4	0.5249628	0.014237322867736182	0.13404396	22.146017
0.10386933846990513	-0.01069431	0.05986975971280954	3.955854E-4	0.5249628	0.0017178897979371742	0.14950188	22.30869
0.1216709322672774	-0.01069431	0.061992719009846875	3.955854E-4	0.5249628	4.5295355710134734E-4	0.17357144	19.255465
0.10816919398888375	-0.01069431	0.0830202201010749	3.955854E-4	0.5249628	1.588492262768021E-4	0.15386076	20.372744
0.11915541926517381	-0.01069431	0.047692889520385216	3.955854E-4	0.5249628	3.748825522448026E-4	0.16836995	20.419363
0.11329990110212512	-0.01069431	0.08634155682166281	3.955854E-4	0.5249628	1.0309592714389676E-4	0.16204023	19.537394
0.10592904119576824	-0.01069431	0.08139961650803341	3.955854E-4	0.5249628	1.241389751816553E-4	0.15300366	20.849789
0.13579782527133044	-0.01069431	0.10738735517056154	3.955854E-4	0.5249628	0.019031665547640172	0.18579851	16.184107
0.14651175384965656	-0.01069431	0.06994026254828316	3.955854E-4	0.5249628	7.116418085680797E-4	0.20206961	16.192886
0.12815931587011958	-0.01069431	0.05866029823200135	3.955854E-4	0.5249628	2.172927839712457E-4	0.17954211	18.559668
0.10754633104474033	-0.01069431	0.08149663679734888	3.955854E-4	0.5249628	0.005112228511694732	0.15427834	20.639347
0.12932845922558348	-0.01069431	0.060376933946473546	3.955854E-4	0.5249628	0.009826079334477562	0.18224177	18.35172
0.1227738553027171	-0.01069431	0.02407746033290241	3.955854E-4	0.5249628	0.0011279760151314917	0.17160437	21.973818
0.10067238106834728	-0.01069431	0.039632700619908076	3.955854E-4	0.5249628	6.578455286683684E-4	0.14245056	24.353056
0.14458387915192147	-0.01069431	0.033936600114478556	3.955854E-4	0.5249628	0.0838852131233204	0.18897802	18.23658
0.13054276212981578	-0.01069431	0.04240993406438617	3.955854E-4	0.5249628	0.07928807578822529	0.17389014	19.224709
0.10159301345338068	-0.01069431	0.10557162985404732	3.955854E-4	0.5249628	3.9537609819882165E-4	0.14526375	20.796167
0.11223224990074357	-0.01069431	0.06385164720997794	3.955854E-4	0.5249628	0.0020230015209691705	0.16000728	20.504297
0.14167726876439177	-0.01069431	0.06464778282625491	3.955854E-4	0.5249628	0.001136346951850678	0.19810629	16.640028
0.11203462790135965	-0.01069431	0.07120042645284626	3.955854E-4	0.5249628	0.004342470379039759	0.16326737	20.303602
0.11997381833621192	-0.01069431	0.09453080668352433	3.955854E-4	0.5249628	0.028225872066193133	0.16557519	18.283173
0.09393192477210995	-0.01069431	0.069163489706139	3.955854E-4	0.5249628	3.3931648180451766E-4	0.13501829	23.87691
0.14639646405283124	-0.01069431	0.1056476352774381	3.955854E-4	0.5249628	0.0033288585897978634	0.2037765	15.171256
0.13551125071026207	-0.01069431	0.10181721176079371	3.955854E-4	0.5249628	0.004313225535388107	0.18900369	16.212824
0.1330472834873	-0.01069431	0.02529312817238235	3.955854E-4	0.5249628	0.011289012243761954	0.18742853	20.239037
0.11370825743526411	-0.01069431	0.07371987334397113	3.955854E-4	0.5249628	0.021055464963691865	0.15797804	19.9746
0.13229875423342008	-0.01069431	0.04993312813754547	3.955854E-4	0.5249628	1.292709860159369E-4	0.18700363	18.53088
0.1381176380203013	-0.01069431	0.06416714104662721	3.955854E-4	0.5249628	0.045292644281224974	0.18593042	17.348415
0.10999909329778579	-0.01069431	0.08939984899987855	3.955854E-4	0.5249628	0.004392482420258215	0.15489374	19.88008
0.09916194923107068	-0.01069431	0.07738549317901922	3.955854E-4	0.5249628	0.001798047493522356	0.14194871	22.314722
0.13661693410498707	-0.01069431	0.10360881196063905	3.955854E-4	0.5249628	0.017826026328615106	0.18826015	16.05594
0.14302109546364433	-0.01069431	0.05714320014430295	3.955854E-4	0.5249628	7.75523547170923E-4	0.19742487	16.977564
0.11548705213621649	-0.01069431	0.05030325295654705	3.955854E-4	0.5249628	0.00838800663738599	0.16579854	20.766348
