0.03989994217629349	-0.009194482864499046	0.12298762435547284	0.02344547664157125	0.6367374491264026	0.4934054808719611	0.020864468	NaN
0.11049920338270904	-0.007831811235115923	0.05839861604522967	0.010021494239426502	0.2847159887649456	0.8755726747490458	0.10077655	26.972498
0.1095197840371165	-0.008598278120481445	0.1376759142738366	0.02690774789934069	0.7461481046684334	0.46390654441173634	0.3097035	27.961136
0.013643316638659905	-0.007691130668142534	0.06671224161710929	0.032551702531860474	0.3292354639813305	1.155620904982243	0.0055531133	NaN
-0.05635517144281614	-0.008000823253680902	0.13538613200029478	0.014789939435338281	0.8006131420027855	0.9386413136375156	0.0041611716	NaN
-0.07526598122366884	-0.008502068880273123	0.13036176939313487	0.035796822124300694	0.44487343659668976	0.493638565575346	0.0045018317	NaN
-0.06718910380791532	-0.007831918309619336	0.09265192108094134	0.006707628177189201	0.30288202400302683	1.0628486165752409	0.0051391944	NaN
0.02143363123158583	-0.008904238443690513	0.10002140799808751	0.011807806697946722	0.9670835813772731	0.6897847307160488	0.0048791203	NaN
-0.004250652390481002	-0.009109626396973835	0.09625426313187382	0.011233852966563982	0.85315542590399	0.47400428177768383	0.004249085	NaN
0.08260475007636979	-0.008838876627272875	0.0725801324632003	0.008377098457759061	0.7123952315789435	0.8485842400080172	0.086011015	34.926685
0.1324736840192985	-0.007616876916217364	0.043157711471953866	0.013396426720004462	0.8367301587672489	0.5578738478225027	0.32004023	24.88983
-0.025081360615213197	-0.0070251731803363335	0.13983474555138245	0.03066967757081283	0.7566329068758653	1.0818369624563586	0.0038021975	NaN
0.05019622408724807	-0.007227318443084231	0.08617532539818384	0.02086982464498227	0.9659103767356871	0.7038482257521299	0.005630036	NaN
0.048140162636719816	-0.008481331308281497	0.08668690834648063	0.032281578727457336	0.6027669369045711	0.4934821723912318	0.014454212	NaN
-0.08019202516439014	-0.008377032559168829	0.09238060854449823	0.01611780265946592	0.9771761806537924	0.48839957945356893	0.002106227	NaN
0.035875921213674306	-0.008694781139899951	0.12552755534605162	0.026805336027923385	0.3787661936155319	0.9220589617132966	0.0076446873	NaN
0.04114812123751144	-0.008298926704288062	0.06985648156418826	0.014133642404496365	0.3155738018334735	0.8183730769881075	0.08052015	64.15799
0.11633460058942764	-0.008311135956320576	0.06945825051482875	0.009096206033835385	0.5432828588696434	1.234357537977734	0.027868124	30.769567
-0.07857104008855541	-0.00828172190198497	0.12301841138460412	0.01448638213307895	0.31101332774596147	0.6045035454693913	0.0047252746	NaN
-0.0377930903951129	-0.0073641158996349855	0.11856931393101872	0.034547263926935724	0.5253588715415345	0.9540507710899662	0.0042783883	NaN
0.10510066151146978	-0.0090666336867538	0.07639231115580537	0.03801921462569966	0.5905820026838202	1.2779083189436855	0.009234432	NaN
0.10109772618997466	-0.007401626805136667	0.08737096484017907	0.03241944628049238	0.3467630028722386	1.1149018199481786	0.09217583	29.27209
-0.07080917145203441	-0.008591379459878683	0.04038472331060404	0.008337073521821467	0.6924053221335278	1.2460959234559674	0.004849817	NaN
-0.0012292010729951786	-0.008334327541265191	0.10865875749877099	0.014480928047715422	0.9204848105114158	0.6187695804783938	0.003369964	NaN
0.07372014357935576	-0.007569626848032993	0.1187551254261825	0.03169352125006468	0.6250637238629047	0.6883495162560049	0.01772161	NaN
0.12407014334688891	-0.007022317895301574	0.04921783391317272	0.03479530433620976	0.565375189467674	1.1256594471175094	0.06811353	29.169167
0.09080606757502967	-0.009026625454952208	0.13309485261708306	0.014607447010133598	0.6073619509495694	0.8155635090639026	0.123582326	29.126928
0.042474694028032514	-0.008592554150750373	0.07735051764105708	0.014106413604679298	0.9764883019913444	0.9067034941678815	0.0040659336	NaN
-0.0037329181205451173	-0.007977055907769412	0.03531463516257311	0.011424729335162427	0.4835647021759516	1.0394149886962596	0.005161172	NaN
-0.053305969199453504	-0.00916572677090526	0.12174334549260449	0.033299573521933	0.44559169007042065	0.9382001150547312	0.004172161	NaN
-0.013957687998286186	-0.009155683278862107	0.03316328623164205	0.03272524602283718	0.6421738180837038	0.3997168433671002	0.004483516	NaN
0.10572377142173557	-0.007139008979180956	0.05253217658558454	0.006380583358229597	0.6442680992663636	0.474226228518999	0.30850548	25.24332
-0.04094465458929373	-0.008194990397828039	0.12764142153600228	0.03372502869412089	0.63849894711523	0.7029815969705555	0.004153846	NaN
0.013348318501558917	-0.008752812824342704	0.031319408706105174	0.03366910221089832	0.263813623728659	0.7400650670303685	0.0063516493	NaN
-0.02219647928054739	-0.0078592203428119	0.0953521577072304	0.039731895053256805	0.3117099733127469	1.0545690582267893	0.004611722	NaN
0.101382034156708	-0.008501266479989661	0.13603327532355491	0.02908822195017868	0.9300089726282823	0.8305063744834891	0.005824178	NaN
0.05609685658069587	-0.008229786197267497	0.06690547187613702	0.03935079478805463	0.32265587176319166	0.9800868136351868	0.007399268	NaN
0.0731152706618821	-0.00817561329478506	0.06889524449842141	0.03178140270294428	0.6682249129478498	0.6271836618549731	0.021904763	NaN
0.08772845303092984	-0.00907444675580078	0.08205195913853448	0.03641995343378986	0.28040737272050725	0.7311199247733949	0.0420403	NaN
0.018951688049543752	-0.007180832193643912	0.07177670982680795	0.02323782450958089	0.8119266246080603	0.6269375887392468	0.0065750927	NaN
0.042990578531836146	-0.008822781321303902	0.09614477150652373	0.03195564783289955	0.7822947695250957	0.5161988808340918	0.008630039	NaN
0.04252589157801494	-0.00768841715568035	0.11580811774297595	0.011715482031900752	0.598757656015632	1.2429959179787105	0.034714293	61.25809
-0.019137911251092238	-0.009178177497172741	0.1351730906805993	0.03729187951787322	0.8213785196489556	0.8207519481711099	0.003018315	NaN
0.009659548505644933	-0.008131277311132867	0.051554721019834306	0.010559900940607558	0.6187841512776053	0.8563317008974605	0.007318682	NaN
0.10302803773268528	-0.008279832690780977	0.064649952807036	0.025992034223068297	0.35082615478883494	1.0653155998120465	0.076084286	31.44739
0.011531045429073447	-0.008099109015318993	0.11616672031200007	0.019483604506885212	0.6518127801281657	1.2754251543132749	0.004875459	NaN
0.02257544676090112	-0.008722760439128351	0.08296863159694723	0.008488623639001661	0.6872555628462433	1.1404917093853961	0.02501465	107.56239
-0.04437918507230976	-0.007555351200290898	0.05787770023626328	0.025432853452717494	0.9354710480715367	0.5322361463246075	0.0024505493	NaN
0.07324952085581206	-0.008202436269739299	0.04515926324556628	0.029233372642233857	0.5793814006876509	1.2305199758727141	0.010904761	NaN
0.03128997156704301	-0.007104335550147797	0.13882685961329036	0.02324135079668482	0.6811597514489056	0.5785938438588138	0.012373625	NaN
-0.020542054876129742	-0.007185188501368972	0.1272016690968974	0.006213031207444492	0.7489673238475698	1.1840326915658153	0.004465201	NaN
-0.004835935350262707	-0.008046324380214527	0.049455732591349486	0.013079057167946035	0.8897515404151926	0.5011699048815996	0.003835165	NaN
0.0539610341636403	-0.008211629714652785	0.11680740107298071	0.02552411857577575	0.48505977603709927	1.199947993099745	0.009721611	NaN
-0.08000789604697708	-0.00902073934370801	0.08038606985086293	0.03304212790719596	0.3274387768387542	1.2991900024479315	0.0047326004	NaN
0.04090025726484961	-0.008970495312444423	0.12021672960492252	0.023043700901441817	0.8743617292256001	0.7685354385876068	0.0060915747	NaN
0.08495009901080543	-0.00906036300983359	0.11419402444754387	0.017214933662798002	0.5871792671706094	0.9590082448190154	0.06592307	33.989742
0.09433959151335079	-0.008164467671765535	0.1327665180592472	0.03470626708803941	0.709245937415719	1.106664971874684	0.0062600733	NaN
0.07019724167469903	-0.008103355001576914	0.08397276617877965	0.036778793374935254	0.39658817030226445	0.5414042194353488	0.026681317	NaN
-0.07165938890211629	-0.007122800475171624	0.09011559954602236	0.017346585575453665	0.6105211881277204	0.8237070539997705	0.0047032977	NaN
-0.04399604386238129	-0.007779949958840406	0.0741384552579532	0.02965654528290697	0.9587625199805121	0.6305997825450049	0.002186813	NaN
-0.07675883872326564	-0.007973901216792983	0.09791117230353341	0.026906143449649495	0.8544379488995899	0.7984325128745136	0.0031868138	NaN
-0.0699879108425079	-0.00862181996495656	0.12108825104343829	0.03695503317687976	0.2688499675626776	0.6475276206286701	0.004424909	NaN
-0.03585862496542548	-0.007497171426820628	0.05333932946567499	0.027156420286423278	0.5402703876505182	0.6844125622600771	0.0042087915	NaN
-0.04145371902410491	-0.008133070778197441	0.045846911785388675	0.013488022595102983	0.31103768049085156	1.1864508593556258	0.005395603	NaN
-0.01826314832908503	-0.009059049222724644	0.03938034231680028	0.025071149180794842	0.4721446040989118	0.725256751217956	0.0045018317	NaN
0.0850594379480409	-0.007373427476235947	0.08785784644344125	0.036129146333754115	0.5785111893141	0.6237898885485452	0.023857143	NaN
-0.017966677440699366	-0.007520920308952732	0.058056057744070785	0.038653006546791976	0.6356417951426123	0.48060958997993886	0.0041465196	NaN
0.128987495509492	-0.007343922486803641	0.05771884964668988	0.037564881538810733	0.9267125860355592	1.3136934291868105	0.0026556782	NaN
0.01294922678756312	-0.008649985500688245	0.050684375237622106	0.018775624371966226	0.48106216962308335	1.113779208835635	0.006014653	NaN
0.129944573460421	-0.007370136536223426	0.13522102103089212	0.03299052809490346	0.868694276412483	0.789395749623047	0.010369961	NaN
0.0660588128139868	-0.00899689005558812	0.10182478535906692	0.0073573049986424485	0.8773853695473899	0.8314114258274796	0.07334067	43.314926
-0.07163335089181856	-0.007878025875414448	0.06181030254414776	0.02332433962376719	0.5400884947304436	1.0945652063505684	0.004849817	NaN
0.029612246841338688	-0.007673416983023167	0.1113399361496828	0.006056084613809082	0.5166954997711107	0.5212166705840356	0.09242125	74.14754
-0.019358110837628117	-0.007304538756607616	0.09518996571987126	0.03107619800009505	0.3658865359398398	1.2577332139846513	0.0043882784	NaN
0.03463142308419356	-0.009136246427465905	0.037192505267339374	0.027631173740322902	0.8284436174930727	0.5897807975023676	0.0071355314	NaN
0.00935421560682756	-0.007458111329661888	0.045835146497835946	0.018051077390084325	0.6583761189460239	0.6480133268450603	0.0067289392	NaN
0.029891183490702272	-0.008970574442827145	0.0861001135083995	0.008977320079346877	0.31146805348509077	0.6316216428137277	0.08447989	83.69005
-0.07945359438324655	-0.007699584530290376	0.10130093590166453	0.03644061904560531	0.707420702724683	0.9394234131928987	0.0038937728	NaN
-0.06782355988447386	-0.008081506689123632	0.04906937362809513	0.037970505566245365	0.8743868952128995	1.0008431125246637	0.00274359	NaN
0.06869574200016425	-0.007220612086611876	0.08934375729395416	0.033076467886519606	0.345463035897566	1.2243085428365112	0.010146521	NaN
-0.05208303083023157	-0.007647718303462617	0.11424038033535061	0.01997200840846269	0.9716414902724426	1.3077755492764327	0.0022197806	NaN
0.01878178338792917	-0.008405966138811638	0.10374871586181311	0.02915674501567942	0.8739548453993944	1.2180529683743166	0.002981685	NaN
-0.06049234731544142	-0.007166220102152096	0.10273864429210061	0.034051973648443624	0.7232622474440891	0.8641377168589746	0.0033992678	NaN
0.0054026904125212966	-0.0073885221446861144	0.12509605225826273	0.03560093676418224	0.5012849432933472	0.5555700618307104	0.00479121	NaN
0.003398152161575449	-0.0070884988474843045	0.07816691206658535	0.015855296640661827	0.7393195689332379	0.6087755625012988	0.0051428564	NaN
0.07669643440070288	-0.008293061873452799	0.10074772651489114	0.03912622429402902	0.32249370349361856	1.1392329772242233	0.008058608	NaN
0.011009156099469578	-0.008339717585295659	0.10798523427855983	0.02285845632277878	0.43394219835718545	0.75650645013279	0.005978021	NaN
-0.06389486942021948	-0.007151309362150162	0.07936230704253652	0.006217391101747911	0.7641283765755962	1.2690093985575805	0.004754578	NaN
0.06265369204800207	-0.007877240729170263	0.07660860329501798	0.013686415632739618	0.4591222615321001	0.8660212347790692	0.08524174	44.75425
-0.0636117692798609	-0.0074030675002610576	0.05888159936185143	0.019876735129146367	0.9371551503733462	0.7271673505111729	0.002663004	NaN
0.06403108675114226	-0.007929318994453401	0.1385741924868732	0.021796338301793363	0.6608949458155653	0.4443322443154983	0.21920514	40.32878
-0.035172092948116435	-0.008186540504485203	0.0968525349552507	0.017037200115230525	0.5582469064265112	0.6239251815008575	0.00456044	NaN
0.1298254498156775	-0.008728853251741638	0.09381395489985528	0.014178813994113994	0.5573463442423676	0.9072684414425809	0.101919435	23.041176
0.042580367692977114	-0.007941416031775422	0.07171327212462311	0.010541990923348581	0.788399350440891	0.6541902746225754	0.10058607	66.81011
-0.006112057749386127	-0.0074146322594453055	0.07396845227344104	0.03843559679914491	0.44649893768812	0.6177487967441192	0.004175824	NaN
-0.0278525756716489	-0.008455009036282716	0.030471841236340363	0.019814342760082142	0.6552008258724089	1.1514934839471829	0.0048901103	NaN
0.005791252753783879	-0.007866259360901918	0.07090421638478717	0.029513198084748272	0.7364832158881129	0.9097452272949305	0.0043663005	NaN
0.13729329380380934	-0.008806648988712099	0.11663051110952152	0.02276122852266954	0.6258681826116612	0.5676928426983392	0.33729663	20.51458
-0.005024939587061628	-0.008780605479902974	0.04921473547566086	0.009327066869966691	0.5686579872535387	0.9228232937268872	0.005168499	NaN
-0.023902725544873882	-0.009083166228538306	0.058932351066327854	0.03553382695548243	0.3392843072722783	0.7646757910723603	0.0044798534	NaN
0.11857304292242925	-0.007202392066940675	0.06434001068781245	0.024125559958137657	0.6249277871330381	0.43360253210582933	0.3871867	26.644806
0.0023910741453676276	-0.008958814157199608	0.12514734185018342	0.022787867731616854	0.3938464362742712	0.45608234649879775	0.005556777	NaN
0.1164985814674901	-0.007104334297776354	0.13951241790641022	0.027504213986914508	0.9156292618604507	1.2698854634835628	0.0030293046	NaN
0.06517092599175751	-0.008718428827215827	0.11888305639988692	0.00662475641425717	0.7865322354374811	0.5324729345688237	0.17483518	36.02836
0.06822307594264933	-0.00888094382997933	0.09348442930076264	0.016712812091517797	0.5346029662905349	0.8837210053368463	0.086652026	40.9942
0.0144824973898494	-0.00876308898201171	0.1138493389602129	0.010814666396800125	0.48684121807363834	0.43411558345985685	0.017681316	NaN
0.1081566328126853	-0.00917337207050817	0.0569165664826911	0.032041557299854716	0.2609761049681644	0.7020318105929395	0.24513553	29.033327
0.11089632660688704	-0.00705787057425859	0.06990437739780556	0.02039355700055794	0.6187719417276221	1.149189248403964	0.05795972	29.406708
-0.005977111154650494	-0.0076462099712997665	0.0813298598617071	0.017863420020024553	0.9314894422027173	0.7984360741099787	0.0028095243	NaN
0.023926257938581733	-0.007908317947445374	0.04019642240747369	0.03679335770663528	0.7359972902872034	1.0212232491202677	0.0039926735	NaN
-0.021194974526896344	-0.007293608475245718	0.10681362697004929	0.025841695728246156	0.42132819205600613	1.2635832649328966	0.0046080584	NaN
-0.015202589518594059	-0.008635259504762679	0.10446171129199538	0.010673039665059048	0.44986316816309774	0.9046462451967363	0.0048901103	NaN
0.04236899719781946	-0.007561448863314392	0.09884913048043562	0.03442623125179125	0.8672529932490312	1.2140710203537812	0.0031648353	NaN
-0.04432143200235549	-0.007963135801953451	0.07074565042464032	0.03485023196382219	0.5240097795679046	0.6779827326060439	0.0043186815	NaN
0.1391205642086938	-0.0072218915183736845	0.03290970189957257	0.012152479868998898	0.8953482427346553	0.5356041340513804	0.33238465	25.730936
0.1423240419000083	-0.007375124401394345	0.057511885607888266	0.0060004297924949835	0.5598117309580932	0.8064039750066414	0.16493404	20.571163
-0.06086011832038668	-0.007541598672141065	0.04476674421928367	0.037707237150846715	0.9149224701433245	0.7333402403955918	0.0023663004	NaN
0.06891024528157037	-0.008149731233977959	0.09626542687481515	0.017881439823696745	0.6875272696226483	0.5216455321801147	0.2049084	40.878437
0.05675748409750776	-0.007095975865076081	0.04075816824595356	0.013680481313042302	0.9379815164563232	1.0504973991084552	0.0048058615	NaN
-0.035403761436409	-0.00868307117350395	0.059612783913986556	0.01419063281902351	0.8456252135433102	0.5787986091440507	0.00401099	NaN
0.038034151416098616	-0.007598914462067952	0.1328500509151527	0.006701590804590192	0.2672877887813838	0.7777491585418153	0.0641868	62.04386
0.01944695196997835	-0.00796438696426067	0.12167811300605683	0.017676606356777282	0.7454961155711342	0.5225347966361431	0.009864469	NaN
-0.07173191497423051	-0.007370999448941057	0.13072120876219834	0.032849297203099245	0.64572652606844	0.4037579774437455	0.0041245418	NaN
0.04358906735497432	-0.008349944195961483	0.13722319701023453	0.012088508552042748	0.6953664445133876	0.8835645713760625	0.06097801	58.23496
-0.014512575995789118	-0.008099678184712012	0.04624457178498313	0.02909765505554958	0.4789342341815241	1.1136583348485263	0.004978022	NaN
0.06528886456134471	-0.008564727250590405	0.0887217765313421	0.02095455705790019	0.5110255769326417	1.2566666727766833	0.0592088	43.512608
0.042598469734317926	-0.007639575186411538	0.09432675738374119	0.025868858097749536	0.8446738567588141	0.891819913870761	0.00574359	NaN
-0.061582981277900434	-0.008418196124006435	0.042404002063754914	0.038225155836684156	0.26599809159706705	0.5645075022584052	0.0045567765	NaN
-0.062444221617140666	-0.008285554305429713	0.06701861439000137	0.005989896431279967	0.7635551325164553	1.054480536773532	0.005069597	NaN
-0.004634532300203775	-0.007626836718176208	0.04015808252398667	0.023224373884024166	0.7206926800767932	0.5940683777103478	0.0043040295	NaN
-0.07382296402200561	-0.009113610978715426	0.1217297949616701	0.006105434886970629	0.29501422095582686	1.1092634906861485	0.0045750914	NaN
0.0025977795008484406	-0.008214033901619892	0.06862829156194017	0.017820894340827377	0.4463180301713803	1.0297598834703805	0.0051245424	NaN
0.12447996534320892	-0.008643224016114774	0.10437616565641927	0.022190214092471048	0.6138625300703591	0.7384408654369796	0.21759342	23.678175
-0.07346715833950404	-0.007424493862301623	0.12379158516107633	0.022620333719338352	0.4190318428196955	0.7829627907662358	0.004934067	NaN
0.10688250478355073	-0.00870384267445465	0.11489593831934938	0.02395972614246394	0.5932853662928053	0.48702885156164377	0.32119057	25.990948
0.07456309353059194	-0.007275296432263046	0.09683258398457062	0.020165751784633586	0.4294873469790794	0.5732169933252892	0.21867764	36.40584
0.13442033151129412	-0.008903069597500292	0.0956516200297379	0.020215787235887437	0.8633894398004909	0.8049746969275541	0.1495861	28.55399
0.04350707051159315	-0.0074545404207877145	0.07285603827409853	0.02423571913649061	0.7035222797976581	0.9995294930143903	0.006725275	NaN
-0.03542453069526508	-0.009041655625718795	0.032810701473669844	0.018836845777248458	0.8540412335238754	0.9003488861852182	0.0034432234	NaN
0.06739870558117166	-0.008476794909189497	0.11764351361747002	0.01254961211020283	0.7659731712468492	0.44239544229468863	0.21753113	37.74467
0.03512129737748139	-0.007363834098081079	0.08213978293315805	0.0282665479849016	0.3345495668336166	0.8700615661492638	0.0083113555	NaN
0.0927720512369201	-0.00915367840851304	0.03962738510710886	0.031268736960872456	0.517671474088814	0.5171222923120842	0.28674358	31.686167
0.1387382157442515	-0.007000037724244655	0.08244233602788653	0.02698022112158959	0.9507997716467136	0.7844436726700137	0.0077948724	NaN
-0.03637643950660754	-0.007984908160369536	0.08238976904524767	0.03345516470408864	0.9621974513623086	1.2998648679233706	0.0021758243	NaN
-0.008547024278886331	-0.00779683030982681	0.059589559080074336	0.008505617032964938	0.7364489984278965	1.1244381618503079	0.0047802194	NaN
-0.041160031154319605	-0.007370592134602074	0.04022459606589693	0.007858496503437526	0.3051595094583195	0.9512057213951464	0.005153847	NaN
0.08679561079988653	-0.008437380839464827	0.03937337051025002	0.038447416649955005	0.8752920299132616	0.5070831328020119	0.008450549	NaN
-0.002694474037941541	-0.008214741687716671	0.06087151043586539	0.03760932297600454	0.5911816921011035	1.2685738959015183	0.0042564105	NaN
-0.07723350469170298	-0.007341141823927246	0.0627446479578754	0.01068526503413117	0.5247985366490566	0.5309096383676719	0.004677655	NaN
-0.050421782566677696	-0.008384905440123339	0.05340648546535803	0.012606605056299076	0.3081098600139398	0.8831277397793269	0.005252748	NaN
0.06841293483414558	-0.008341831990559708	0.10737849989546747	0.03838812065833624	0.7537869982500272	1.0495078164543963	0.004102565	NaN
0.023861755084341033	-0.008136160239065207	0.05203312554404704	0.010147454493764734	0.6487539436532519	0.5197206300135468	0.08291575	97.13487
0.11169525079322869	-0.008382042232006377	0.0859142458609608	0.022890536450157352	0.9769432359029167	1.0223604172317466	0.0021611718	NaN
-0.06534358459120672	-0.007945048860783238	0.07802323512555911	0.025168254603892326	0.9238646197364324	0.40012248917334725	0.0025787544	NaN
0.1037390966591747	-0.007479053359158321	0.111637218987171	0.022655203955349392	0.3993491188553412	0.4350517133610995	0.3549012	25.523464
0.12444981630800862	-0.008215295407786835	0.038298467453899906	0.03072134889048442	0.6108376952313848	0.9748312181996481	0.09486816	30.890375
0.05465402282379124	-0.008898103535746268	0.13300867542241526	0.016019588593048483	0.44733053342683127	0.559762707175629	0.16436991	44.49972
-0.012416922598658883	-0.008081784137259199	0.034600860488586696	0.02462598648755451	0.3019172117675291	1.0073706773398312	0.004930403	NaN
0.007490884832870456	-0.008060969659604697	0.043336467103159526	0.026156187401281582	0.3827113829964086	0.8845088755112214	0.005417582	NaN
-0.049240066008021596	-0.007716979951510331	0.12755978646058994	0.011205356509826583	0.7058471764213106	1.003039096869446	0.0043260073	NaN
0.029566113585255127	-0.0087027565174792	0.05433907636102799	0.03626695078583439	0.42158978415074266	0.6079676863287631	0.009219778	NaN
-0.04908111611034657	-0.007282753426962296	0.08798883419903528	0.030453506490144062	0.6120951556440468	0.4469066969842153	0.0039999993	NaN
0.05967809167793835	-0.007213615186777282	0.1332554664825105	0.03962308884466097	0.9445293565097466	1.1332463676661721	0.0022014657	NaN
0.12172336410750152	-0.008275568339102219	0.10130809114945882	0.038278543029652404	0.8409935900911565	0.9199383964220478	0.0059816847	NaN
0.02688809349591778	-0.007218332281673613	0.07209371438042485	0.03714648765668533	0.43001205170181295	1.1948675383716612	0.0049450547	NaN
3.137771244143134E-4	-0.008272733421891896	0.1149099569415977	0.030994562739334083	0.2730049210444448	0.6531731966797305	0.004260074	NaN
0.09182047487843918	-0.007578840911393464	0.09780283311540905	0.0073726750142765075	0.36654291846666565	1.1988681411673194	0.021556772	36.880135
0.07390712056279196	-0.007026057866676648	0.038329039251809686	0.03390211196354537	0.949498945748477	1.1663989817969187	0.0026153848	NaN
-0.05535992344112853	-0.009055789738781269	0.047621722435171474	0.00762607714993733	0.6915758835844721	1.2644236993871045	0.0048901094	NaN
-0.028151779359127486	-0.008043858678923934	0.05498180998044597	0.007017157319388766	0.7341610799126167	1.1453018894968465	0.0047216117	NaN
0.11335433772627095	-0.0070500766916269195	0.10507400313036433	0.038676227940556945	0.44424552283113816	0.9585110916575394	0.023915747	NaN
-0.06920526475507097	-0.00767577147255673	0.06018068537376729	0.024687554109288037	0.4051736623151165	1.1264276155126665	0.005201466	NaN
-0.05280423162937603	-0.007471695857496572	0.10723745245099461	0.036522563139839925	0.8691423451036095	1.031017566715007	0.002937729	NaN
0.10314811292422678	-0.008814032149214328	0.03499735804348456	0.02665633577679467	0.35378420155158596	1.1635794859309834	0.07509157	34.273144
0.14211516578245448	-0.008129466487559214	0.06201084218057893	0.01467567550288073	0.5950108277228239	0.8987626527629013	0.11502929	22.310287
-0.012027925565751246	-0.007202789971191213	0.038134937001714934	0.024374735378589266	0.9061983164106115	1.234699056438072	0.0030036632	NaN
-0.05493119881545354	-0.007620656537522783	0.0711986206723016	0.03038789940187587	0.2961946669715926	0.5037511458557065	0.004827838	NaN
-0.08192636261488884	-0.008991325194150312	0.06896876144364346	0.019776462902398588	0.679286332113064	0.8527822661615181	0.004223443	NaN
-0.050659278737072586	-0.007793279329776254	0.04681217408917564	0.008170937764035262	0.2944224440190202	0.7070439707501599	0.0049853474	NaN
-0.02391118507768944	-0.007713952518431558	0.12892266373399378	0.015333115905862386	0.6153551367326424	1.0998681597910953	0.004340659	NaN
-0.03043906260183353	-0.007350016317409516	0.13662296236002253	0.00974080274015661	0.8362043304354603	0.5818640473089646	0.0043003676	NaN
0.08977604295418339	-0.007256121595759489	0.04915494822701322	0.013148509951092267	0.9588319605743314	1.257970091191631	0.00389011	NaN
-0.05302097768489936	-0.007239620748467622	0.09184547339611815	0.030168346901660408	0.5036555230570063	0.8362110764880204	0.0044249087	NaN
0.09101940280864325	-0.0078087339521849975	0.047208386694887694	0.009681688762050888	0.39056750665650347	0.4487338421350197	0.284381	30.297747
0.05461521164157161	-0.007474658082434465	0.09304812983722979	0.03282782237163935	0.5726691697162802	0.42828924511170685	0.020300364	NaN
-0.011833062866890925	-0.008897705863279273	0.10715772474181892	0.0062380144894247265	0.7136541986595932	1.282712927432462	0.0047142864	NaN
0.13391864714313573	-0.007971810893111072	0.09451091878210288	0.02376211541554786	0.7758312973792063	0.403192228042833	0.41449824	23.496511
0.08990710547976254	-0.008509017394517489	0.0994643570932523	0.007893830706129899	0.7640940916684551	0.6950243390498931	0.16224174	28.842983
0.13513073705665052	-0.00824395866957662	0.12987721856388124	0.037979995061758	0.30479434044832177	0.7537506420280555	0.2625237	21.424816
2.787306716338228E-4	-0.00851254825853028	0.12424173613360862	0.012058072462048394	0.4405958710586255	1.0690510787286633	0.004882783	NaN
0.053392596680622864	-0.007985725636685941	0.10800557151408866	0.00672089923503892	0.5968345994264952	0.7078606293802459	0.09893777	45.955734
-0.06294701093568278	-0.007027042114556911	0.061736948952494215	0.023906166618505434	0.6450254921410543	0.5513217845798147	0.004472528	NaN
0.06862003598580375	-0.0071608128898887	0.12720156979432265	0.006972380304484715	0.4573394070011838	0.7175565274916955	0.12062272	35.326015
0.06495185371630922	-0.008338413495739449	0.07413141752477617	0.00815356770602533	0.9212901709034982	1.178661824449477	0.019879112	56.748272
0.012142245170004534	-0.007932875041482454	0.07463825473736174	0.03290451699651883	0.5530476710933032	0.8088823130615521	0.005124543	NaN
0.022799978008504015	-0.007865082090357975	0.08761437525502683	0.011727056430142092	0.8688783887967033	0.5672898933110447	0.018739924	NaN
-0.0554277721677434	-0.007189530941304379	0.10203023148256332	0.03814681436631831	0.5203915678113606	1.3087290327845646	0.004128205	NaN
-0.05357056911253888	-0.0073663087849772475	0.03275638172257182	0.030971027227659167	0.3363492234724852	1.0336660886093976	0.004992675	NaN
-0.03938112502086841	-0.008742032897503884	0.0833851436374288	0.028047564412483076	0.5616558771385736	0.4436064154172667	0.00476923	NaN
-0.04423958902539917	-0.007819749245531419	0.11610170005508322	0.016728491852423574	0.5641103565162107	1.2422234850379146	0.00469597	NaN
-0.016348039239702822	-0.007094113087522841	0.084321419113994	0.029399391225289468	0.9021013685200716	0.6055970274800168	0.0026300366	NaN
-0.06894460630451521	-0.008258180226942267	0.04466232514669635	0.038774429558188044	0.9808095052857637	1.2295207928690157	0.0018058608	NaN
0.07863628636604315	-0.007231313430829077	0.04838816839266368	0.00937605228509294	0.6151893996324331	0.8831850265342088	0.076278396	38.0582
0.04465309114123946	-0.007763617789167998	0.1402791505765968	0.02689939176690075	0.7791849325172795	0.8245831468769149	0.0064981687	NaN
0.07613272844993642	-0.008549433827166	0.04814786005787834	0.015792853353772732	0.6871873795426254	0.7015715523803493	0.15622345	41.61705
-0.0010325476648785498	-0.007271270545774685	0.06346268326445192	0.03330251139470278	0.31375417612560763	0.7150886652032874	0.0047289366	NaN
0.04057410346578008	-0.007932162670312326	0.05603471384497213	0.008029205418234826	0.9108002662815124	1.0073851279308974	0.0204359	87.524666
-0.013515378555195925	-0.00889035704727418	0.07441193015614289	0.03566761170254666	0.7839182305860724	0.9884020936976399	0.0035128205	NaN
-0.013838621828410155	-0.008426963637553988	0.10845660240371338	0.02255430093201553	0.31314482359994444	1.0783104073138432	0.004681318	NaN
-0.05119223273947233	-0.008650585546867517	0.10073194167202457	0.013939668055888886	0.4128737259921378	1.2996205515353685	0.0046117213	NaN
-0.030134695421383063	-0.007558997190752487	0.11137227193077473	0.015329026431858864	0.6082879281989	0.8857261994563668	0.0044468865	NaN
0.14195007733990833	-0.007330831531767177	0.08685142752413588	0.014250978346982322	0.3932687992980297	1.1109396135265168	0.04150185	23.494328
-0.07364091059644977	-0.00755768114269768	0.1152190617037249	0.015724340864361547	0.831185244401115	0.5220172871703903	0.0038424914	NaN
0.02188063198117901	-0.007537823907121544	0.0816058668000986	0.031913661172220054	0.7076748287983808	0.7880318828138821	0.0055384613	NaN
-0.05809685367958124	-0.007084610270676397	0.03365115524705084	0.008434386882897476	0.4859595845204212	0.4556962879281914	0.005300365	NaN
0.029752135987967554	-0.008284027952763352	0.08107989389114696	0.013944684564616599	0.6652653651797139	0.8815993881566373	0.019703297	NaN
0.11510207818472755	-0.007713681970017204	0.12770344621315097	0.02740619239834193	0.36525495479650705	1.2898973551762176	0.077963375	25.635742
0.020166356408295172	-0.008463945466631772	0.0393349643116956	0.038198105521404006	0.39382367525452155	0.5907602165167818	0.0068974365	NaN
0.010420889477251435	-0.008968371031244838	0.05718188851031761	0.016704651693200154	0.3397513092821108	0.5070219907298379	0.008432237	NaN
-0.004463920770226351	-0.007886010304082204	0.13261304404811036	0.010658325522267711	0.6195280312442251	0.7369866536582634	0.005091576	NaN
0.05566745749854955	-0.009185165126476366	0.07092299090751886	0.027245679952867346	0.9803605525040187	1.1556996697977937	0.00214652	NaN
0.028518699560122387	-0.0090009302121981	0.09174022888967037	0.015315264390063057	0.5980939057114898	1.2622965370763	0.010564103	NaN
0.030733012936000198	-0.008852343911943249	0.06617675853870791	0.027368443928574935	0.41141201428915014	0.48682394503231524	0.013684981	NaN
0.11231748614487118	-0.007379170874684628	0.06626728069186194	0.03756868327259474	0.9510311361181631	0.9263074129846807	0.0030109894	NaN
-0.056585666816058006	-0.008526615011657298	0.11230831806963987	0.01106706582640075	0.6474769821716562	0.7385519825904083	0.0046300367	NaN
-0.06929611760975907	-0.007846855638237376	0.1127075624400787	0.035328912474072924	0.9278383367447729	1.1977566286556818	0.0023113554	NaN
-0.009717614475148115	-0.007183196599333499	0.0664596639625005	0.01728134261114754	0.9775796629474718	0.7962386840646927	0.0020622713	NaN
0.08377545685708516	-0.008918270268519093	0.03682216054890056	0.02977803677710899	0.3354169887514321	1.1653257936829546	0.06084615	34.54392
-0.003285840863143749	-0.007735567780020294	0.1159735401693461	0.03246032833170593	0.6785957499628944	1.1270971813096204	0.0038351652	NaN
0.024857350424468766	-0.008111666959827967	0.03520599336717193	0.031916978296347105	0.5580315094499904	1.0227154113743124	0.005373626	NaN
0.004917565324347006	-0.008883200982509939	0.09929449446899147	0.02927399596933887	0.9869648371695892	0.8621015979216349	0.0018461539	NaN
0.07047518306900975	-0.007477371569832861	0.13163636057583997	0.012491168757739196	0.7778478523091481	1.2214765980698492	0.034054946	42.663113
0.0028360789451808838	-0.008832052122424569	0.0998374176022778	0.014456685129674358	0.7630972772242166	1.2005324964022333	0.0047948724	NaN
0.04298074470018014	-0.007166925678661704	0.09048837861111453	0.007966546220807063	0.3155819977898757	0.747750902837454	0.081912056	57.972233
0.1165224548483766	-0.008695883332163333	0.042886333259884786	0.014603912552423569	0.46699385629950096	1.1158771034540755	0.043706965	29.12283
0.11727684156687361	-0.007237929850227874	0.139137785608371	0.039471407005188884	0.6637425435631099	1.1571131936616077	0.008523811	NaN
0.04790145748324827	-0.00844197155839051	0.10828536256326621	0.00920550684365336	0.6591706745699707	0.5861123369905401	0.12474726	50.959545
0.14466428463569608	-0.007284583095079222	0.09452681479074815	0.03834569612195565	0.9425676148179236	0.9934200815091261	0.0023663004	NaN
0.08510264300757651	-0.007146810229447304	0.1066647963223604	0.028059396743264166	0.6491632879595702	0.6250359213112741	0.13185722	35.00132
0.05639025390824175	-0.009011299438856885	0.10160515128972253	0.016536004760636942	0.36197161564345126	1.11188230047196	0.047183156	47.809166
0.00857086076463115	-0.007544340294909289	0.04272987057894252	0.006224797107980646	0.7550419389702907	0.5753213424498798	0.019443208	342.53632
-0.07495198178265197	-0.008369167148518663	0.12872969261532305	0.01847130338659924	0.936055630267046	0.43477118071806714	0.002831502	NaN
0.1157016289523876	-0.00910007402449766	0.08530930850543023	0.03473482594589736	0.3268070031479332	0.8170920829400866	0.19661169	26.37208
-0.021414222064642316	-0.007095552569092686	0.08567032952906686	0.03303930805426789	0.864637398264122	0.7360213597349726	0.002985348	NaN
0.03918675235739512	-0.007567231762189194	0.13071729047694775	0.008526606219457073	0.47015676297340614	1.090989932903304	0.024758227	64.91907
0.04188712974703061	-0.00921538162978569	0.12182420084415627	0.008585941946925833	0.4659952989423697	1.232719932956861	0.024479851	62.588326
0.06906907830551119	-0.008659142331890413	0.11369086599006725	0.03493160878929603	0.2871691600480906	1.040631047349986	0.008600734	NaN
0.042980667794159336	-0.007804129173761853	0.0655395329023841	0.01713942343159059	0.9607475078415626	0.463596710252814	0.010549451	NaN
-0.02307164123194403	-0.009105645294558876	0.08671177503194699	0.008201270416168981	0.9521609596768559	1.2605315963078771	0.003227108	NaN
0.08748145272546069	-0.0086544031332049	0.07147365380409813	0.010951368381694734	0.5277630626751378	1.2148420501426143	0.032468867	35.750454
0.05084986266031839	-0.007022497361797653	0.049315611802280876	0.02314516422178871	0.8207140154955301	0.5579889311402914	0.016278388	NaN
0.06280479176523672	-0.00898317902522263	0.06716327112485654	0.005843849731089882	0.814604324413984	0.583030380985716	0.1470952	41.096615
0.01366656085981556	-0.00782529245079142	0.13443106729589976	0.015491318802105924	0.45030211537269293	1.2259691036608609	0.006626372	NaN
-0.04548337638537354	-0.007415147773151771	0.12731406659704708	0.012742326165947587	0.5444440610106489	0.7290931888639085	0.004362637	NaN
0.04318048114183966	-0.00803822677892945	0.057496263785558485	0.025098195687173985	0.8631626325366826	0.5612035435042269	0.009692308	NaN
0.051818341480546745	-0.007306449006648255	0.08544941177723236	0.034053281774035916	0.2838893052794088	0.7555398083771687	0.011871796	NaN
-0.017747097640421622	-0.007165384996476395	0.11843204040530986	0.02988007335085857	0.871241905099911	1.2057978807461978	0.002934066	NaN
0.04604380660361608	-0.007630256014116408	0.11664945667227583	0.03970686661983176	0.7377597838260226	0.6249823743763264	0.006369963	NaN
-0.02107615457722893	-0.008009095499507455	0.134314356020624	0.01998056847027474	0.9355167881689168	0.9568711151482003	0.0026446888	NaN
-0.01553914358578136	-0.0071766435638106205	0.0886977506706506	0.025740321927228534	0.9437327162335312	1.016495397335382	0.00245055	NaN
-0.04917598668617624	-0.00789235962101165	0.040769067023286226	0.021578753660946352	0.38713241876297744	0.5170110170931155	0.005315019	NaN
0.10595615627716791	-0.00747318892777559	0.1130848209048225	0.008482917934178932	0.432579461201842	1.283105568089537	0.025545774	31.76926
0.1067534485083393	-0.007989196639586653	0.09159253668679947	0.008985477210698981	0.544918648668103	0.7445032612664366	0.16746159	24.896496
0.06936873458955999	-0.007845418573957564	0.12019572540014936	0.010446880717726688	0.5169033337044194	0.9094519499717839	0.06434064	38.595688
0.047677750146448275	-0.008590423563465616	0.07585608373631449	0.03461942683642171	0.46115669731590675	0.41962401650660247	0.014857141	NaN
-0.0472639931233494	-0.009008742306851678	0.13580016822249233	0.03049603622562459	0.43970463771227064	0.8430119991314282	0.004315018	NaN
-0.056722109129922815	-0.008345793607917717	0.1175343226373474	0.020172798354326824	0.610193589683603	0.8884648291391073	0.0047289385	NaN
0.1342337886126413	-0.008265194828063366	0.09204376950936805	0.03760181118409989	0.7265552173437957	1.0190962156861951	0.007901099	NaN
0.02597774707243604	-0.007199753238790687	0.13570261200738867	0.017443555140968802	0.33460698416954593	1.0286813663884207	0.008355311	NaN
-0.061564638414759086	-0.008911060162576985	0.08189920280134902	0.013210514128205167	0.3167084186615122	1.165493995257099	0.0043076915	NaN
0.14403022289060385	-0.00826098973682977	0.0629653517537633	0.019549342754553542	0.47945650306113297	0.5054825786985381	0.41105127	20.363794
-0.00353765150955182	-0.007398243348775846	0.11089217845254204	0.02619550941949202	0.8396483726956572	1.2448398070584759	0.0034065938	NaN
0.0547407555770482	-0.007629333251980569	0.08104281226448495	0.02320518235496386	0.40273789029273654	1.2337411860372074	0.017424902	NaN
-0.06794997369370206	-0.009057425357698226	0.13686593155881005	0.016741049597977935	0.47729891734731755	0.753458089516997	0.0043809516	NaN
-0.043744923120527135	-0.008912074098269142	0.05606034022636159	0.015149804168476711	0.46878521684197316	0.5007787273222656	0.0045054946	NaN
-0.007570281369124285	-0.007210746456001201	0.10091572241217797	0.03572466705735114	0.47357184129331675	0.5429051433407338	0.004527472	NaN
0.14132321221505822	-0.007082465375062795	0.042050206629997686	0.025960905312436524	0.30392628801875	0.6413196779695219	0.32983157	23.54289
0.05257913706325905	-0.008858862048824356	0.05507140222330502	0.023173643755825618	0.3141440416107855	1.1700725371508487	0.026820514	NaN
-0.011352800664714419	-0.008493113078637303	0.09764442840765111	0.032808130226946	0.5848091605452486	0.39716116512563554	0.0039120875	NaN
-0.024108519476080045	-0.00832350395407362	0.06155324611682962	0.014014634746242052	0.3661040761917547	1.2491334916728798	0.0053919423	NaN
0.01675475287420433	-0.007087171428926295	0.11872417791179779	0.012095087928601844	0.3689166698189996	0.9401603718150198	0.01004762	NaN
-0.003465143994065084	-0.00854278014028436	0.04459059653388749	0.011332402231727693	0.4798474803718785	1.1006913860553929	0.0049780225	NaN
0.08686308101757577	-0.00896919327893627	0.07831393694202368	0.027720800767271143	0.8828775270330591	1.1053092341951392	0.0038241758	NaN
-0.0178977586710629	-0.00888686636672071	0.11255153165033921	0.03884427577346873	0.946102221607678	1.0149158458542706	0.0021282055	NaN
-0.006824624890866299	-0.007170133190004329	0.08628005096840541	0.02138770577171501	0.6532709036765638	0.6271522930320622	0.0043956046	NaN
0.07022944435702692	-0.008627838674458032	0.04410336534692874	0.039234911943961545	0.8561691797360618	0.44280317101082434	0.0096300375	NaN
0.09556368490505061	-0.008253083361313251	0.13742740720772062	0.010021079131838272	0.3313063382138778	0.7644020708803874	0.14473635	26.336618
0.06345219213767446	-0.008897781878110172	0.059672302032841296	0.023333731391080345	0.9158252557029529	0.8567646897832124	0.0057655675	NaN
0.14111032589550804	-0.0074670055813298095	0.09042950335336322	0.026249825171693195	0.7224617570553208	1.2659977663559683	0.06694873	26.167473
-0.03314669526522711	-0.009200531209122663	0.07082323816526563	0.010784763136725557	0.5304000439253981	1.0338457604558877	0.0052234437	NaN
0.07871245279264581	-0.007715352493779066	0.09472057222207964	0.0202304685137012	0.7288365213252457	0.5557758678179995	0.2154212	37.987827
0.0789185833103483	-0.007147396190527205	0.1228284204145142	0.02192584113328164	0.4293101882749616	0.8117960184633407	0.13516846	34.396744
0.020306147566402588	-0.007040058087819943	0.13675946547267756	0.0258399274264134	0.620380102418554	1.2138500822760845	0.0049706968	NaN
0.12313811735661238	-0.008706472722904176	0.031396389202049235	0.010873179375391583	0.43788324341811125	1.0128469855269668	0.03190842	29.53905
0.07626854852951927	-0.007604420763032351	0.031926001004349155	0.010124127075012809	0.4956558734900054	0.6946783667113974	0.14895974	40.172844
0.04718263921999259	-0.0074898948053444886	0.07078139370405402	0.021274583297618957	0.48818342312092544	1.0827187554842068	0.014923077	NaN
0.10568887951792526	-0.007496593835470594	0.0782061865535411	0.020903748269409283	0.713356247326439	0.988889374271454	0.062109888	32.097424
-0.028848239906460224	-0.009205767454710367	0.07054620210519749	0.01183840792068408	0.7485096795187569	1.2764946169190283	0.0047985343	NaN
-0.007244839275098086	-0.008041361624217341	0.03604108534600169	0.03569989711831262	0.5868231596732334	1.19478062663369	0.004501831	NaN
0.12124227836787167	-0.007148224222172604	0.11896687805438269	0.027412503938600445	0.5832350281659092	0.9368375131624329	0.11111357	25.643984
0.1293363796020453	-0.007565808824085355	0.062162512102024045	0.023368501673711326	0.47530920515258385	1.2917145819244487	0.06696704	25.972591
0.10434368516693233	-0.008879466261044446	0.12598648111592103	0.023878358240631118	0.5941429234768135	1.1765697137313051	0.06656047	28.932287
0.0407361986204865	-0.007091903975528294	0.13061829248100346	0.012705451690639538	0.410484013937925	0.9970666632699132	0.03962638	60.161015
-0.010379987081714656	-0.00712652404626342	0.11547036398588723	0.03581630163343073	0.44422023091773355	0.7793238847755921	0.004304029	NaN
-0.036360719755413905	-0.008247172772128553	0.09882678018962565	0.023475320662710193	0.8440872307703595	0.7741262235814792	0.0034761908	NaN
0.02920523464513672	-0.007662464915985358	0.040959523042647036	0.02337683091698471	0.6133882851144731	0.5345312767893016	0.014190476	NaN
-0.07957217580647069	-0.008013992173009077	0.12152199024184901	0.006683741092756587	0.5223774486829273	1.2872610268768188	0.004388279	NaN
0.09596546588590892	-0.0074252740156436695	0.0951389745570281	0.027695539476819964	0.9882522283600166	1.0500779306829073	0.0020439562	NaN
-0.008990694801901691	-0.00862153157991653	0.09523511988224986	0.01709255343704335	0.35540303210533153	0.879676601552987	0.004670329	NaN
0.016201247934325633	-0.00790314342578268	0.06456120908289156	0.029433027722608817	0.9392671668727846	1.2763694922357496	0.0025494506	NaN
0.03258931682105187	-0.008257378293761566	0.10694500747824459	0.01679126527126182	0.5685455780897595	0.5925471114760014	0.044582434	NaN
-0.0014617539180901001	-0.008203015885963682	0.10975531837528771	0.007358913050711813	0.47004069165001705	1.05640887342792	0.004666668	NaN
0.03233585479516296	-0.008598136083078516	0.06759243800111711	0.03312315110718233	0.273949504698296	1.3076943791295645	0.006567765	NaN
-0.014053488374930811	-0.008092786726126093	0.048821094887077435	0.022272300486742464	0.5835506354431683	1.2984378187938044	0.0044468865	NaN
0.031808496118289495	-0.007919332678572892	0.10585780033692163	0.036925852989059524	0.8491583091356465	0.8682881072297617	0.0035091578	NaN
0.05519758040373128	-0.007412965772124229	0.03566485860287457	0.03555953250766523	0.27760508369888737	1.0845669892802208	0.007908424	NaN
0.1025942585221694	-0.008708428756444515	0.050910897031006354	0.006707639679938403	0.529512370614057	1.272449863262839	0.02035164	36.16764
-0.07947239479087655	-0.008303738521159022	0.10445562850372059	0.022439581912517534	0.7025241964546274	1.1020906449646704	0.00421978	NaN
-0.028278107890631447	-0.009119655010087657	0.05252873305809021	0.021465455328778527	0.722392896545689	0.6253723104768458	0.0045164838	NaN
0.030917626763735023	-0.008265330263902025	0.08790641859977485	0.01673249011153952	0.6750111186748462	1.2086453168638507	0.008571429	NaN
0.11141102644258145	-0.008746990955025333	0.1376811492149596	0.03766526182281966	0.5821978984016192	0.7260881800608074	0.033432234	NaN
0.1392728173313233	-0.008679941148885827	0.08388789739891078	0.007324058981291717	0.5356077768800435	0.5748635264413914	0.32365924	18.773563
-0.07589296958217943	-0.007260418777371804	0.10482439965693757	0.00814293182680673	0.3955004140127173	1.2329734877697331	0.0046153846	NaN
0.008703705249868701	-0.008117668834009571	0.031745911454596126	0.03436727592335929	0.5706039613654446	0.6014884547217396	0.0056520146	NaN
0.052522712314556755	-0.007616699669759285	0.10926895904397096	0.00627486875722446	0.5353621320572302	0.5608131814490676	0.13857138	44.185852
0.06568383716420632	-0.0073725963126693855	0.044974398202182464	0.035304759300447075	0.5517494410755499	0.45515465196235994	0.0251282	NaN
-0.010581917013338465	-0.00909130419819189	0.13533402124171037	0.008228925005791924	0.41746701320645285	1.0625321139430721	0.004608059	NaN
0.07503967391976697	-0.0077498436046501504	0.08862505827587006	0.01605192638488234	0.9655514917583341	0.459837380369879	0.022080576	NaN
-0.01574174548600185	-0.007291789398960573	0.03213703330216734	0.02795570571709538	0.9186540373146594	1.036607082053715	0.002827839	NaN
-0.08205238976494533	-0.007096911217411558	0.11503907295322788	0.03138328128446286	0.49954897879262916	1.0911175158696544	0.0046996335	NaN
0.1446001831715027	-0.00840852529823283	0.06782753572625454	0.03645366624306785	0.6733745042218469	1.2997221025162944	0.016542122	NaN
0.13698592482972427	-0.007059436872558716	0.033889181126476924	0.0191843684424229	0.9654108405728978	0.9617953058121369	0.0045311353	NaN
0.08037250728791308	-0.008783064932980533	0.12094554334882718	0.01664384728537298	0.47647447042038793	0.681205077613098	0.17650552	31.785442
-0.07401356850285631	-0.008870352798489769	0.08322216456857182	0.03282858673917623	0.688378724753183	0.5673820739107374	0.004135533	NaN
0.121286808069505	-0.008859538204308008	0.09403982924473181	0.010745690229020185	0.8631430626644743	0.39823499528318984	0.3718314	22.501616
0.13588501674131698	-0.007208203681209475	0.09178342530179281	0.038793716260686235	0.9809255744858545	0.44650114889260367	0.009684981	NaN
-0.06160366780464367	-0.008585423103248639	0.07899201951331755	0.026847949062526702	0.9737856066844808	0.9094786961013606	0.0020879125	NaN
0.012926713901760478	-0.007674837861741672	0.07250007293853719	0.02324129597329532	0.40410876209602964	0.9664976909629208	0.0053406595	NaN
0.024824615689051158	-0.007982148601944506	0.05469627849921172	0.014124155893213405	0.9783573354089823	0.5405408899715709	0.006128205	NaN
0.06039884034436806	-0.008634584115241461	0.06976537403529318	0.02893762627746829	0.9052984786896243	0.620647988633189	0.008358974	NaN
0.0690133139739363	-0.009097657871512293	0.03485843497452388	0.03815650070326178	0.46193174441332985	0.6063419357714348	0.017369965	NaN
-0.05272624366409509	-0.007568517945654991	0.13015703498049208	0.03365653936728841	0.6912362967887102	1.2968477580202948	0.0039963364	NaN
-0.06716560782396971	-0.008571063959526504	0.062160343737326235	0.015034588454488202	0.47345483566487523	0.7714321873838825	0.0048498157	NaN
0.13879875674247466	-0.008263453695688051	0.061042666102137905	0.015494837904224498	0.9561848368575698	0.5934443820825351	0.043644685	NaN
0.04008608407400123	-0.008076297966704882	0.1327055982852795	0.012839144779018638	0.44842337636149865	1.153307377018682	0.03674726	62.197784
0.029561642649810912	-0.007531914937396631	0.03274863615473675	0.03306922965300718	0.6579987386919202	1.0869023238904456	0.0049047624	NaN
-0.011496334454248455	-0.008239160289216204	0.04444997471572029	0.03521764349050345	0.8526291636518379	0.6311141572609072	0.002857143	NaN
0.0384103499004803	-0.008707279565331618	0.09775812528309666	0.015442640983571572	0.6379257415913084	0.6240499338349793	0.10793772	62.21874
-0.00733093154843234	-0.008445764724960595	0.06534047549123535	0.037984732072497904	0.7450706738700292	1.0651486341789282	0.0035787553	NaN
0.13544098910677554	-0.007859548969499674	0.07609392924184573	0.030059661641897144	0.7439215406366493	1.0248479446036542	0.021827834	NaN
0.03207084766880754	-0.007660781065744113	0.12205515149320528	0.015565370881881844	0.509516494845041	0.4937799913236844	0.112216115	64.69272
0.09631660949666997	-0.00827779352525213	0.037033446498117746	0.03441482399050104	0.9561745602755107	0.6911095002484395	0.005153847	NaN
0.11759514254211918	-0.007960136823616131	0.08810464423841291	0.029595273723181877	0.5004554053896197	1.1784014534714689	0.081549466	27.647623
0.05308507444567141	-0.007307787045895634	0.10825725333164268	0.02780917288940877	0.28060064105507426	1.1015934216448988	0.009710625	NaN
-0.059196959277353134	-0.007290311518881105	0.10578097817927246	0.009336989180537027	0.7820996663539925	0.7429877922109616	0.0045128213	NaN
0.07525206806802055	-0.007981491697157096	0.10468222312442016	0.011794533322624052	0.5934091910389416	0.4586545938569555	0.23882055	32.842968
0.09643061996497017	-0.008925516517269243	0.10083679450544888	0.02626658742121213	0.7353280655799566	0.9429757176483193	0.025886446	NaN
-0.028443025725192757	-0.008524570677589768	0.06528322194765732	0.03150144126771808	0.9593907190240716	0.6387951687792733	0.0021611722	NaN
0.06582072157028114	-0.0074376181386650924	0.08236478087500182	0.038835693918123575	0.7400639567790829	1.2227497495572373	0.0045384616	NaN
-0.03667035031421322	-0.007657949986367686	0.11515048970153963	0.036525831494947744	0.30638167359603896	0.9809694205315882	0.0040036626	NaN
0.10821738282374453	-0.00859157737961242	0.050758112693551835	0.018863070966971502	0.960847249189666	0.757742131543668	0.010941388	NaN
0.03426255765097534	-0.007538214488617228	0.09738826199816089	0.00734030727358811	0.9807074518211492	1.1215063142994057	0.002868134	NaN
0.06196025023651909	-0.007099323793997059	0.0995108919446965	0.0222361760649699	0.7625067455506356	0.7876253691387751	0.024472523	NaN
0.03599944409112227	-0.008508291608097993	0.060457721956683114	0.03485138769280399	0.7766584580490701	0.41092774320039355	0.007468865	NaN
0.002467510668544101	-0.007081409912590842	0.06896641618300428	0.018358618816917235	0.8999535639920615	0.5950765461843335	0.0036813193	NaN
-0.0015435286914515234	-0.008210076124665401	0.06045473484175257	0.009309100151781118	0.6275138045878865	0.9841200491008533	0.005208792	NaN
-0.01735905975340457	-0.008634460687553837	0.08734930454550549	0.014523115131103832	0.821821969888374	0.6987549880729333	0.004347987	NaN
-0.014661281332673179	-0.008645599463388786	0.031380329068395225	0.023983543858640963	0.5070281912813104	1.1337920001783661	0.0048937714	NaN
-0.03570403572774851	-0.00794104800769413	0.10847042756205477	0.010556925698757977	0.9872630921298435	1.0847254847987449	0.002183151	NaN
0.099250593055928	-0.007369391676159923	0.056080714283627445	0.013184753063047897	0.75129494322945	1.2718158916957953	0.037311364	34.178005
-0.01846805925621499	-0.009210669960046686	0.07465946664573382	0.02155983295513101	0.7512033861223328	1.0722045337937394	0.004098902	NaN
-0.03166952156777756	-0.007801316513526734	0.11695300290082039	0.013010324105515841	0.5391313903450234	0.7419549224428945	0.0046739927	NaN
0.07690781586860894	-0.009212554905269437	0.09630908997581089	0.037369119598296086	0.6176263822326656	0.5332129291864195	0.016739925	NaN
0.13533628697661065	-0.0082344648297548	0.08023085966546392	0.03364928642242827	0.6720097120565386	0.7092588300461704	0.24021985	26.427328
0.07873224727363436	-0.007262046754358749	0.12206470312398598	0.025223824879160455	0.4617337565994418	1.0506368605902237	0.071018316	35.424942
0.04526073878033278	-0.008932719455899811	0.07096293632763541	0.011255447615346291	0.31057553702859975	0.4287994951156875	0.16638458	57.71905
-0.07699897313479385	-0.007983628987361244	0.09110660648754629	0.036232564582230384	0.5991961609245045	0.9732305078240933	0.0041794875	NaN
0.05919441828871312	-0.008951796576149591	0.07652838496109057	0.012623724591564887	0.7154602077419987	0.48357561687904077	0.1859963	46.427692
0.12708601824107185	-0.008224677135537192	0.08585471238091134	0.009640051848380723	0.44854104406550477	0.6751800618999997	0.24221978	20.995455
0.05514078593632259	-0.007259781598960116	0.11062221960801139	0.03047619174844235	0.55578906668773	0.9091305214921086	0.009058608	NaN
0.11391482667074478	-0.008524561263307508	0.07570429307941688	0.037066371210099175	0.3825628471135158	0.5630473185074871	0.33084607	25.817005
0.12368464240921355	-0.007157955673904195	0.05840190791949583	0.03753761734799734	0.9181731200648489	0.5045949627576038	0.011395604	NaN
-0.05819146455475564	-0.007692803923693911	0.12817767852852266	0.026919362941209994	0.9171447881305042	0.8187455828905021	0.0024871796	NaN
-0.03681750640443037	-0.009027842424047135	0.036234359623908016	0.010106461903578775	0.8552813627312119	0.5185386668954978	0.0045311353	NaN
0.10518211452694905	-0.009093926305289695	0.03785911692591837	0.022888684143266117	0.5385167198899735	0.6633550038938545	0.23753475	32.787407
0.07396101954432426	-0.008587599346478337	0.10259115077421177	0.0179416016610351	0.7580787202825726	0.525297298018171	0.20807327	38.85359
0.07393837852593567	-0.00862567939019759	0.04056187498198468	0.006785881102879155	0.9649411984958802	0.5424819995037463	0.15180582	51.881992
0.08305054362365476	-0.007066727480582996	0.08373779660228164	0.014422963669537502	0.7995989349901182	1.1427548827693177	0.03831501	39.344063
0.050502930812084026	-0.00762200177276587	0.1345984636884549	0.036361864238956695	0.6908397047462991	0.7571369458105659	0.008241759	NaN
-0.07978100634430238	-0.008268432625508425	0.04417368946826688	0.012964366382768464	0.5699797706907384	1.2720127883160925	0.0049450556	NaN
0.08675107196367103	-0.007329634822123481	0.12194126288296633	0.0165477108226271	0.8959779085277813	0.6999593067567391	0.107655674	46.83529
-0.05568917824311975	-0.007767483652160737	0.09046472549563275	0.03131250805594944	0.7712317923321539	1.0857511573177268	0.0035347985	NaN
0.018117395403008787	-0.009146345965467224	0.09968493980312795	0.026814137845549212	0.8205938211485924	0.7694773435180681	0.0049523814	NaN
0.05575405939422885	-0.009143697040168828	0.05852051989740651	0.012562662576087019	0.3751975134170375	0.9647089307197483	0.047978025	52.678596
-0.010950059474723176	-0.008185302687362664	0.0739766225435775	0.007747818440058239	0.7053799922362212	0.6874278531087639	0.0051978026	NaN
-0.07865884230718206	-0.008715060691196893	0.109417312849205	0.012718303347704652	0.7212378390760961	1.299882011367133	0.0041355314	NaN
0.067910370801318	-0.0072976846669710466	0.06837520103729107	0.037133255136269666	0.8953370251497423	1.0322934362400102	0.002868132	NaN
-0.07813190956677653	-0.00769774054440194	0.13490963454290897	0.03960691907061165	0.8011024239200697	1.3027212867806044	0.003369964	NaN
-0.039997282227821	-0.007410983324729843	0.03775044743601191	0.012890575698226419	0.36766959338799376	0.3959829978036009	0.005263737	NaN
0.14043907676679895	-0.007125301476722692	0.10340648528658355	0.017454967479061587	0.6121140977719621	0.855586231532866	0.1513443	21.069447
0.1464844569291523	-0.008434061192663355	0.04286137235400298	0.03665721687926919	0.5320820408049114	0.5250914883256875	0.41024172	24.80547
-0.0030648372486740405	-0.00808538186527476	0.12505080300570934	0.00953928592308553	0.7244491406236706	1.2168745326952628	0.0042673987	NaN
-0.004316118468516636	-0.009171969640311741	0.06867869963249074	0.01700435147756474	0.44268021025694887	1.1880592790754168	0.0048827836	NaN
-0.02335837456905772	-0.008461999973612425	0.13955473786047812	0.017317301573346933	0.5385266106955575	1.149864254860711	0.0048021968	NaN
-0.035435548363231976	-0.007263727159902814	0.11726289953564967	0.016587011526557487	0.5853919477557212	0.7161235865011625	0.004326007	NaN
-0.01188198764510856	-0.008813423050440349	0.08605131820994735	0.02622315358639342	0.3309386354208912	1.2338474562748558	0.00440293	NaN
0.015320419512639974	-0.008760359416877986	0.1270201136391023	0.039200374205610344	0.9650331816531703	0.8746900603195982	0.0021025643	NaN
0.12968107637988657	-0.0073930163335533886	0.09841188922471392	0.03225481603721994	0.9110243324767779	0.7319187337953641	0.009300366	NaN
-0.0017055815904879063	-0.008160454946286687	0.06846115172724265	0.013764037890477306	0.701153391835093	0.40207318848591356	0.004538463	NaN
-0.042557346182208036	-0.009002221179980846	0.11184917569162173	0.019709265823964747	0.9385233722122248	0.9081758424674642	0.0026666669	NaN
0.10300535410904609	-0.0072684611014710845	0.03384668021835998	0.008705863194868999	0.4172805922885653	0.9810350154046146	0.03534799	33.337067
0.12882675402260746	-0.007317655533109252	0.041604451376045556	0.0356311826631219	0.3491929542990484	0.7067793239605307	0.2768572	26.645227
-0.015036294725074159	-0.008804798628891043	0.04443154804089139	0.011290172692388226	0.9350720367904501	0.41077738538711744	0.003161172	NaN
0.1348335816773112	-0.008334570968522918	0.09175345626398362	0.03832563268756545	0.41766817836330483	0.6276158266240808	0.33374	22.900154
-0.0716611495553744	-0.00917970992915715	0.08695228093934382	0.02191988523249005	0.4209573488590514	0.50437556229808	0.005080586	NaN
0.038939245349983956	-0.007205892136165899	0.0863191230685367	0.038399453873636406	0.798272673118045	1.2104833566690105	0.0035787546	NaN
0.07847873273416005	-0.008069500062146651	0.1266232979888291	0.01562132033955366	0.3809635514808616	1.2570876565683162	0.04568864	35.185326
0.05670112999099482	-0.008754570943202804	0.08365435446633857	0.015169315423955346	0.7518428052130595	0.8641825929720621	0.07785352	53.11731
0.12580143295854174	-0.008295697963715503	0.07176239982383104	0.0339582249293446	0.7833171309320393	0.4529481201884911	0.06350183	NaN
0.02223841944646708	-0.007508844196875992	0.10079881558209755	0.015894557921591366	0.3533660929533766	1.0703440166861309	0.008113551	NaN
4.3690810326578455E-4	-0.007107315100564927	0.11082845992816778	0.03593006681270458	0.542728664614646	1.0762458087692135	0.003981685	NaN
0.02544386316623494	-0.008723112970820405	0.13637429534331058	0.030207333667061697	0.6453866320787189	0.4828764654699679	0.008065933	NaN
-0.037223354813306374	-0.008053097695267792	0.07221327486529984	0.033729793365440845	0.3932051011008693	1.21710496886152	0.004560439	NaN
-0.024862086476889013	-0.007299487037376034	0.1158492707721972	0.03468567020396003	0.467590188322509	0.9929036916676801	0.004263737	NaN
0.08751049126094802	-0.008781539870496121	0.10421408778293181	0.008427147226858412	0.9177462932942815	0.46674455251035757	0.23365939	32.0692
0.1251284182281444	-0.008112300303170252	0.08277415421665951	0.007970611001087535	0.3115439147399644	0.566963690469088	0.3039232	20.44888
-0.060785346270289135	-0.007058484694997486	0.09755347980188442	0.012952011242036569	0.6539890542383833	0.904988993716791	0.0040842495	NaN
0.1374077233851183	-0.007664357399802795	0.05173402760951885	0.020507652010548744	0.36002334377945194	0.6976572606188883	0.27100372	22.500706
0.14581906201594175	-0.007776652788894875	0.1299385765399781	0.02522549520979343	0.7332245308188452	0.7948133983053494	0.19822712	21.974995
0.1336029342692051	-0.008978971165048514	0.07415125633548296	0.02621292094729392	0.4767090277047604	1.062061132692557	0.074326016	24.862
0.08495615194333118	-0.008141056848515429	0.1046032969908483	0.007324242864119332	0.2906170995702273	1.1592900494104825	0.022439552	37.75319
-0.05045362419156364	-0.007978040758970396	0.04266883477245152	0.02146703844234161	0.5527739897737686	0.9560635520773422	0.0049450547	NaN
0.12796279727954957	-0.008814836740586805	0.056135953985422475	0.03683668514692156	0.5108946663345706	1.2076833899960713	0.0823846	27.03592
0.049920102631087274	-0.00914707543779845	0.10958100540567114	0.021354052568176025	0.4591668302055457	0.8523394133219939	0.033007324	NaN
-0.046474273667397065	-0.007356983018718163	0.03128394402107609	0.01701960741886251	0.49323665231375347	0.4293488860897802	0.005051282	NaN
0.07937997651784758	-0.008967900077253909	0.12424173775660796	0.01356533605474539	0.40316853070853736	0.4923248539244606	0.2421648	30.13841
0.03793312506754834	-0.008537878268273798	0.08738679319085352	0.02167171283915476	0.9695700486925933	0.7567969770429441	0.004282051	NaN
0.09371246638971852	-0.00835114954352072	0.0498487967340663	0.014690923402554505	0.3631925912595175	1.0344355923932014	0.042666662	34.349583
-0.06932325228177737	-0.008999161308998884	0.038048302003519455	0.03332602229691495	0.8358560711043279	1.064202499519508	0.0029340659	NaN
-0.04970175075063665	-0.008087546603238426	0.06812458888853712	0.017088071915280695	0.9708622143792096	1.0134786459979703	0.002443224	NaN
-0.024467201900930192	-0.008539105902433262	0.09307120282648454	0.01431823596840429	0.6092301184306365	1.184406712671416	0.0045091566	NaN
0.010360344768460358	-0.0071712491680772095	0.08442469997552263	0.039172296327496976	0.9269623441853527	1.2301535573571352	0.0021391942	NaN
0.08451858537849401	-0.008573317294247065	0.07517980624678064	0.029985012715547873	0.9157680448637591	0.5071264133486935	0.0103186825	NaN
-0.05417044073062433	-0.00889955758326513	0.0654674331552999	0.03339641212380591	0.6419623594082157	0.6315712905868255	0.0043296707	NaN
0.1397753783201059	-0.007351082765048475	0.057420160199993596	0.009589864976945858	0.805986006268899	0.6185448138226236	0.29673997	21.037857
0.10249303471393446	-0.00849195227871061	0.09873931309694362	0.017120905553434068	0.5877985457589827	1.166884908101592	0.049479853	29.98876
-0.03066483241303318	-0.00872019447576283	0.1342303112704423	0.026153297149582297	0.932674560188796	0.8045568328560418	0.002465202	NaN
0.04814276456302556	-0.008833385231634676	0.11158558060119994	0.03965808837651862	0.32730698677094844	0.48558932896999984	0.011626372	NaN
-0.02157056631523751	-0.008814816929660104	0.09160905865438307	0.007719533968553299	0.4083223401207886	0.964517398124412	0.004945055	NaN
0.02783682725108258	-0.00728225475689127	0.06754312831641718	0.01914559953397733	0.46553165290197646	0.5980654910357248	0.016831504	NaN
0.09353915280715512	-0.008931475175898526	0.13561515817309916	0.02814743930097136	0.45152650158825003	0.7090802241956082	0.2059927	29.320484
0.06142213977734705	-0.008171518283470295	0.06560228881020921	0.013548522919053885	0.9099607533493004	0.671470256898169	0.06297803	93.15546
0.0970042902350161	-0.009109008084090311	0.13537991307322894	0.029269029940400856	0.7141180906274777	1.23530074573674	0.009021975	NaN
-0.03172502595904518	-0.008487869149662156	0.08755626245580012	0.006956816342699571	0.3954848998813309	1.022100423057662	0.00504762	NaN
0.07146593464440311	-0.008433457076466009	0.09152630218632589	0.008284804326224207	0.6181641907953835	0.43492578149265027	0.22880222	33.809937
-0.03939425613870369	-0.00796971805894766	0.06308977748446203	0.0370353730677292	0.6301725325796097	0.594158926931222	0.0042124544	NaN
0.02122683706590009	-0.007658140798166132	0.056498236059627685	0.039667915614419014	0.2627496594255858	0.9938085391052343	0.0056593395	NaN
0.09516875171644247	-0.008734585447679119	0.1284933416405974	0.02133971465859518	0.7285782681780031	0.8872568773167069	0.10453483	32.31595
0.03263871023423326	-0.008731115038414294	0.10465934958191628	0.019181090517717846	0.6731851164553502	0.42504273025848904	0.022967026	NaN
0.11310436246340382	-0.007478909173452689	0.10235099232392494	0.023042140493969444	0.27861709557244313	0.6222672947018189	0.281337	24.28706
0.13984859670099592	-0.00753782128885045	0.10958256947018746	0.005930361579298899	0.6869348650082681	0.4591709557422451	0.4057289	17.445246
0.06169348372289381	-0.00723993190980666	0.05173563206991466	0.03790415382517201	0.6983336044993527	1.1275102374744619	0.005263736	NaN
-0.03668457479138856	-0.007314996520622082	0.12280544885599712	0.036547136245392506	0.9710878784982215	0.6463301313251835	0.0018681318	NaN
0.02895584774226377	-0.007739782149169322	0.08655314817959786	0.021962794153728704	0.8813405673322412	1.2334881662720394	0.003794872	NaN
0.11708143416171339	-0.0071777595726929475	0.08401823634319625	0.00833371224608583	0.5025291899453446	0.6777579249972732	0.223337	22.403849
0.08049671895193226	-0.007237523453952908	0.031051388937049278	0.023630581065254487	0.4040024242463672	1.1767110714646556	0.06746521	41.37699
-0.00994910281018721	-0.00798881821640096	0.060810731235977925	0.02282170616260605	0.7940274436509214	0.6979163081058484	0.0039633694	NaN
0.10057438354438068	-0.008538547370897705	0.08273003599512607	0.018034889969633355	0.651763809830696	0.685768635891029	0.20840289	29.295305
-0.0828233556550938	-0.007985296613670919	0.03424925696933674	0.030077943415865952	0.6370250241813171	0.9280080845162211	0.0046410263	NaN
0.1440321888871423	-0.007627077055696197	0.09920351659128102	0.016360389481049436	0.49600147605227174	0.9212429809311837	0.10583518	20.945986
0.0739118100760884	-0.007034728846318232	0.044005743504622635	0.02736528112243296	0.6111387327175062	1.2481874558289594	0.014241756	NaN
0.044078222268050096	-0.00873477466051367	0.03316660071024925	0.018378433130010266	0.3586125408329341	0.7889453853260859	0.09787908	53.491608
-0.015869690916685858	-0.007404396569674406	0.09241775980530365	0.01575683744865108	0.4007445339058663	0.914243210583416	0.0044542123	NaN
-0.019443229720406893	-0.007385569555942009	0.11648470076234646	0.023685157819931614	0.40522669955954194	1.2018807680900472	0.0047106235	NaN
-0.05924666721808024	-0.008506418607490214	0.1123362129788146	0.010469295762859127	0.35916724593483546	1.0845941748618453	0.0049157534	NaN
-0.0021068125742921967	-0.007169389666349097	0.0630864727116505	0.012754959430749764	0.8803032018442447	1.0396117036608077	0.0039377296	NaN
-0.06387278199728971	-0.007599465598720887	0.09931491915807783	0.010083533366793563	0.7635141182193046	0.7640823598966789	0.004472528	NaN
0.0969709439160067	-0.00797971460350113	0.04665825181678425	0.02587740640124471	0.5222650313157007	1.2456243478797107	0.073201455	35.49851
0.13044842760739017	-0.008941067668186902	0.07967204614279075	0.011988111315459456	0.8392723092417318	0.9088563537054339	0.08999631	25.393223
-0.054988774408281406	-0.00859729968796099	0.12231065039409975	0.007324747094301297	0.2688737374601313	1.3108390730697381	0.004959706	NaN
0.020324355148856874	-0.008165624413420156	0.03853026051227824	0.025583734773734962	0.5787742800012663	1.306977712577115	0.00607326	NaN
-0.051483682067977744	-0.008482922015382838	0.12154414266656405	0.03348198371272406	0.7694877702186997	0.8711913929190978	0.003553114	NaN
0.047007342693961715	-0.008120191923560423	0.04916509281143405	0.026389375809272787	0.9012090352626199	1.2375162493279106	0.0033003665	NaN
0.08063222262527338	-0.008473577549622083	0.04949184251348372	0.03591540226417439	0.7503727419886399	1.2068122162310553	0.0055860803	NaN
-0.025956219919786208	-0.007488334623082481	0.07369812614391957	0.015969763176668463	0.7921326498165644	0.8797229320025441	0.0042527476	NaN
0.1394843785037121	-0.008695813697747239	0.060618557500257214	0.02171663811716103	0.6068891325409616	0.7712861483918514	0.21662638	23.051138
-0.014405828807785653	-0.0073229356524979	0.12180273968752375	0.016606559179136924	0.7961586596447687	0.46280254359617035	0.0040073264	NaN
-0.024107155808097164	-0.008909253394160547	0.06886414179858788	0.026620953137392094	0.48591617753416383	1.0410276892569925	0.00496337	NaN
0.11279821193192958	-0.00898631800454208	0.12272121028978455	0.032143980660235404	0.45053472353753465	0.8301667421226838	0.17866671	26.143005
-0.018592459884001086	-0.007180411396040658	0.07988698907853686	0.01775967585968997	0.5829285872266624	0.8680382575528831	0.004490842	NaN
0.14426671303331734	-0.00828346184117921	0.07560857974471273	0.028018650901056767	0.3526976952239669	1.2059916041633563	0.07865935	22.688234
-0.03583813002739158	-0.007340160527070952	0.09762117119345007	0.026774044657029025	0.6039030060376582	0.39540351235037924	0.004065934	NaN
0.09597020435255675	-0.008989090959070021	0.03683218811895057	0.029686051496496384	0.6445275814831866	0.7320088682592899	0.11505494	35.70919
-0.04293097634093643	-0.00839377859742161	0.0352755252117436	0.008908578239504979	0.6120299786975725	0.6616500394786512	0.005054945	NaN
0.032548563364270075	-0.008808057396286996	0.041864006743951056	0.029858550171025035	0.5313955806840969	1.0138870452287423	0.0060109897	NaN
-0.04357660781726886	-0.009111592367326405	0.031192206887379295	0.030322196940544516	0.5018186398964483	0.6037662567356037	0.00478022	NaN
0.07560386403973025	-0.008128046045288873	0.04179257881735794	0.03856072974659875	0.5649472575506652	0.5595687851709147	0.02006593	NaN
0.07190934793623384	-0.009131844204697112	0.04327801298557994	0.03333452581816206	0.5673351853608215	1.107040266359306	0.007805861	NaN
0.1369223460876544	-0.007150311397323975	0.1346782925742061	0.010645664463132015	0.29893510457157196	0.9188930411415983	0.08869233	21.454155
0.14690739265024771	-0.008862095146764426	0.10363942637942547	0.030556590131787253	0.6082834138096791	1.1161944930281276	0.08232966	23.47109
