0.378229212184503	-0.0010895717432828017	0.45573027894247015	0.01118140206374228	0.6333255265384554	0.7717620685316527	1.0655657	5.835381	16.000979532163743	187.5
0.2991774403662942	-9.037113246316957E-4	0.5241228676920906	0.07978966409015095	0.8020284471009156	0.9750448351600538	NaN	NaN	0.5505701754385965	NaN
0.32624071826120343	-9.774559781542923E-4	0.4970198544921167	0.01662743344623659	0.021742921185311837	0.9480697246005467	0.26028273	7.4559274	15.779649122807017	84.4
0.2826474858437078	-0.0012250958245660787	0.5435444999362569	0.13910623518281987	0.495878953846562	0.8669744034147497	NaN	NaN	0.13839181286549707	NaN
0.22496179617600082	-0.0015404955490821049	0.40765866099041587	0.08839892851685806	0.6141761203822462	0.8867304549533845	NaN	NaN	0.2927850877192983	NaN
0.17857163361844852	-0.0038123700382886364	0.5495334968651939	0.03839769453449432	0.9042977567825895	0.9386916041205926	NaN	NaN	0.8666374269005849	NaN
0.2602996084749475	-2.1238997325595969E-4	0.4775140428837883	0.033695655738677464	0.0808644447262928	0.7795944439904606	1.0413465	6.757426	15.36438596491228	108.75
0.3907496699929721	-0.0026132701745818034	0.3612749244376162	0.050584817255655584	0.723260804618942	0.7983333820151497	0.7035118	8.479417	12.638296783625732	755.0
0.2573129673921229	-0.002929316565016613	0.39839550395126416	0.13538518822363488	0.11860132525709033	0.9095556041896582	NaN	NaN	0.14636695906432748	NaN
0.2732774763464475	-0.0020182977123319565	0.4385278730861316	0.05055138984609739	0.6097645284168621	0.8523961790532225	0.48144343	10.629198	12.396834795321638	606.0
0.30987302669714045	-0.004022422047106519	0.45417861698552386	0.056285365850462815	0.5187248415496448	0.8003816520122456	0.5720534	10.369135	10.06812865497076	386.0
0.3183970298326358	-0.004248445221588328	0.31168157967777443	0.07756537598333624	0.542588745734708	0.7870270584526368	NaN	NaN	1.1135672514619883	NaN
0.29977274759059785	-8.427177459703433E-4	0.30372937022466295	0.051236160481393754	0.9163068967855447	0.7662579221037111	NaN	NaN	1.4374561403508772	NaN
0.12636503441116806	-0.002165861806616646	0.36860043516286056	0.09815389528247878	0.6162994440025181	0.9682966454243742	NaN	NaN	0.16451754385964915	NaN
0.23689696921931197	-0.0023327033791183823	0.41542859417159944	0.0573088949432539	0.25808557242339175	0.8088217537906823	0.56254464	12.03637	12.066630116959065	281.6666666666667
0.3125601919631286	-0.003384382026903246	0.3481952678460328	0.010732195137594339	0.978342737636679	0.921266766455605	0.13086312	16.97681	10.375241228070175	NaN
0.23248450233465362	-0.0038889282781382575	0.5189810132976249	0.09810820139987751	0.644683382178964	0.9112708197734811	NaN	NaN	0.1768201754385965	NaN
0.14762528837858382	-0.004921097866543003	0.4280119225256507	0.10805037250420745	0.9090774870199981	0.7861911322714285	NaN	NaN	0.12929093567251462	NaN
0.2057462674271741	-7.083279930657682E-4	0.5205157682182592	0.07554202694219743	0.4147857694829629	0.9668730653289211	NaN	NaN	0.7251242690058479	NaN
0.34982906616646525	-2.1316223834342722E-4	0.47891906522009386	0.017097771210440742	0.42834904372681915	0.849650264708544	0.8945686	5.510781	16.349802631578946	112.0
0.22014840704372018	-0.0033785629721246884	0.43074478761522633	0.01566742693548793	0.14423065020326759	0.8528873725966593	0.3299256	11.5769615	13.172543859649123	111.5
0.30503381915484007	-0.002125769783420183	0.39420572298757883	0.08249373474270816	0.2898213138332803	0.908822267428554	0.32620522	11.489937	6.486301169590643	NaN
0.19952662545290498	-0.00275871264962254	0.4831430122748088	0.12026474525146216	0.6328190815627633	0.7705233999575403	NaN	NaN	0.13594298245614034	NaN
0.1786684803019533	-0.0015977695637958583	0.383065035327677	0.1025944572492817	0.795527096203063	0.8484289176249226	NaN	NaN	0.19158625730994153	NaN
0.38586809158795765	-0.0012015661988678682	0.519748874817858	0.08465033158783324	0.9445325319767253	0.9171255297911531	NaN	NaN	0.5088888888888888	NaN
0.4059331433386435	-0.0018106203977130198	0.49954425271882485	0.06355944665889578	0.528129764935848	0.8921720000427531	0.5403349	7.3642254	12.958523391812866	401.5
0.4200794469830398	-0.003892379703740272	0.39625596284015446	0.06890770508357626	0.15379895175051644	0.8382600925192752	0.6855579	7.821105	11.699853801169592	165.4
0.4010994629108139	-0.002224409313522244	0.4575820088092599	0.11944722302795624	0.8571299190118459	0.7836875884917788	NaN	NaN	0.22580409356725145	NaN
0.40435463412592176	-0.002521356453390883	0.3555764679628396	0.09419964977236672	0.6311731463752891	0.9248166333718282	NaN	NaN	0.486593567251462	NaN
0.36422277935047986	-5.014090004903215E-4	0.46073241622183136	0.08404852775748073	0.9280023875172675	0.9061965021963617	NaN	NaN	0.5443640350877192	NaN
0.38986347393412113	-0.003668236227212339	0.5400042286909046	0.07411851802952422	0.4763130625803655	0.9736031519180806	0.21904767	9.825337	8.439576023391814	NaN
0.23384529957210928	-0.003233161122965577	0.3515915508778331	0.06261662518978627	0.7892072618736058	0.8151169479547028	NaN	NaN	0.5641739766081871	NaN
0.2764018936493039	-0.00115726407372713	0.30649007863127237	0.013139556282412479	0.07392357031790403	0.769221865054692	0.8239583	7.5318093	15.63936403508772	89.8
0.3373459806706442	-0.0035013270916129115	0.36079540364196827	0.008917729473587911	0.35235822534405337	0.8339307990536445	0.5072619	8.027353	14.380065789473683	114.85714285714286
0.1613773183815849	-2.394433859485722E-4	0.5273643515948624	0.044161885242396504	0.7107242194401802	0.7702562000648947	0.41815478	15.365219	8.108611111111111	NaN
0.2764812973861823	-0.00463555737875016	0.3587493723133208	0.009101003237022742	0.014438892817418345	0.7505578756661869	0.56699413	9.428203	12.959320175438595	78.9090909090909
0.1340472554490368	-0.0017763560020993263	0.35010121098342584	0.0948542668114635	0.746885748079081	0.9439813485044228	NaN	NaN	0.17596491228070177	NaN
0.3543623554538665	-0.005083388316680269	0.5349779793715378	0.05877603431837325	0.9985745313666664	0.999392867287412	NaN	NaN	0.43528508771929825	NaN
0.12728699650824138	-0.0016359708251695033	0.4544167428497671	0.062067673267427924	0.9847329084251429	0.8409298822608371	NaN	NaN	0.36772660818713454	NaN
0.1516274644668028	-0.00407768212436717	0.3501493291019425	0.08338701722041177	0.7911823745436722	0.7729976450275154	NaN	NaN	0.206016081871345	NaN
0.16333190152875515	-0.004265741643069165	0.4331275322732756	0.026934091571768386	0.6209771732425668	0.8837005458655034	0.21948662	16.568829	10.305358187134502	349.0
0.19389534275265846	-0.00177638472358498	0.4244325360455672	0.0024864821137010303	0.4681491135271942	0.7772168232636187	0.48733637	11.033007	15.305307017543859	147.66666666666666
0.21192240253414948	-0.004881927258077004	0.5347686492551129	0.09444095936937572	0.5053046262192384	0.8133924685174956	NaN	NaN	0.16702485380116958	NaN
0.21972306228755445	-7.573834525249833E-4	0.4928872387184933	0.015837544061246264	0.21187739207513617	0.8241975818856837	0.57238835	8.924459	15.39737573099415	99.5
0.41907459412569614	-0.0019064535939779604	0.39097978574813175	0.03825298922631944	0.35910802137871684	0.7919787337348614	0.96279746	6.162031	14.96448830409357	135.66666666666666
0.35824361597808174	-0.0031780038078306674	0.42406290956238685	0.011412415629496334	0.9231667978179205	0.8994449575036799	0.31942707	8.701582	13.659371345029239	NaN
0.36230691223304434	-1.937642836374375E-4	0.5101155271564519	0.07434813086823136	0.13233157004269158	0.7998023252670976	1.295141	5.5397463	14.36513157894737	178.4
0.20842213606323218	-0.004554193676368614	0.3119016078703959	0.026306015562171183	0.5284765009022692	0.9916318517252614	0.08858634	14.509313	11.961140350877193	233.33333333333334
0.3935730817573255	-0.0012199965945902252	0.5004205735813307	0.09564174293911788	0.7947096023321766	0.9441841285984054	NaN	NaN	0.44503654970760237	NaN
0.17744550117670851	-9.786998658200036E-4	0.3133913875522794	0.09734718556725676	0.37288838379255734	0.837408249940979	NaN	NaN	0.21746345029239766	NaN
0.14438415048213452	-0.0037554442937580016	0.44143282415329843	0.058193115059392085	0.5695868970045681	0.8578768856926133	NaN	NaN	0.4868201754385965	NaN
0.2841490983584278	-0.00168055024929457	0.4652086244987284	0.11476627322814277	0.9732388638992173	0.8079171537610117	NaN	NaN	0.21544590643274855	NaN
0.38864720722338775	-0.002608658806536638	0.301037250175996	0.03182073487600488	0.9239905047317316	0.7647804301255542	0.29060277	15.050099	5.676878654970761	NaN
0.36458546771395794	-0.0031299134174633107	0.42181591251513273	0.06166639979746053	0.3830880757642542	0.9491250833757547	0.30529016	8.963096	11.871396198830409	252.33333333333334
0.23760590644187574	-0.003816668266146571	0.5477904856427536	0.04999775546042721	0.5283963569632606	0.7749529415542589	0.5090773	12.309527	9.141184210526315	454.0
0.3808533537574289	-0.004412912582382277	0.41514840640959816	0.130246985924424	0.49256209208304974	0.9344128665751172	NaN	NaN	0.14246345029239768	NaN
0.17793771485042553	-0.0021606790302386744	0.3837710702516435	0.07375645471470586	0.8923446666837285	0.7915094212620165	NaN	NaN	0.30971491228070175	NaN
0.28113171896540506	-0.001340233148636948	0.4921247313738024	0.07274177266409144	0.7514025935305202	0.8951478324856825	NaN	NaN	0.6693347953216374	NaN
0.30854536902080754	-0.0011102562030337736	0.3222823254883533	0.11600043741012621	0.46944036667445704	0.8184927450440609	NaN	NaN	0.3121783625730994	NaN
0.3385021623496616	-0.003711366499822537	0.49075985374312914	0.042859676927490375	0.06193379474520701	0.7631714814468236	0.7547769	8.213779	11.939312865497076	104.375
0.3338748598777983	-0.0012413634111178111	0.4072448190131238	0.14010576187365736	0.705472320582078	0.9512343693005318	NaN	NaN	0.1619078947368421	NaN
0.20859403187585862	-0.0013330926074729531	0.5186356919671479	0.036155613770773365	0.9414626850914587	0.8882869992302058	NaN	NaN	1.6900073099415205	NaN
0.431699653183543	-8.347735161031195E-4	0.4670624457384511	0.027987028487138903	0.778266455987919	0.909090831089274	0.5445685	5.75413	15.462558479532163	347.5
0.34135065945681264	-0.004786312338180975	0.3989012000989171	0.021209454004939014	0.5000127826660755	0.7839189108591911	0.61123514	8.230676	12.20420321637427	159.4
0.13123091375726367	-0.0017412460995883494	0.4151310706763228	0.003912004220807665	0.6456233067639591	0.884748853831316	0.18255208	17.174383	15.020738304093568	241.0
0.11029076085656728	-0.0015495966638026854	0.39882738421273933	0.07575506813480368	0.3188556251772607	0.9051426297479338	NaN	NaN	0.26210526315789473	NaN
0.36314575585685727	-0.004698499060787245	0.5019808837991891	0.12326815319328098	0.47991978879786923	0.9845360579495397	NaN	NaN	0.15851608187134503	NaN
0.18352821110194206	-0.0019208286161414311	0.30423348100270486	0.09497750706597616	0.9497566566002645	0.8752443947094105	NaN	NaN	0.21897660818713452	NaN
0.37667057178013097	-0.0011023865598199906	0.3403033045127538	0.03821698440643483	0.6234587560977775	0.8703557489881132	0.649531	6.4665146	14.904152046783626	252.0
0.10451424614996127	-0.0022300715676107663	0.5498292351935857	0.07708511009419301	0.4818541761846559	0.7998726519201937	NaN	NaN	0.19262426900584795	NaN
0.16021393024588707	-0.002770825624331582	0.4638107371789476	0.1347169192099556	0.8481171439891838	0.8859836815336716	NaN	NaN	0.10116959064327485	NaN
0.17698004090064134	-1.0730567869243749E-4	0.41068411325332366	0.06996439401778744	0.44454064278792993	0.9916796978781469	NaN	NaN	0.8765131578947368	NaN
0.35121333333472327	-0.0024938983270453444	0.3940120190995321	0.025752939002137414	0.9459754499698407	0.9585210138312765	0.042849716	32.80722	4.78248538011696	NaN
0.2578835395245866	-0.0030579308963601484	0.4536378508937845	0.11423940814391317	0.22997572199687288	0.8231278333097956	NaN	NaN	0.19400584795321638	NaN
0.1278426407847153	-0.0011371897256235285	0.42555885293971496	0.021781107266887003	0.5145668430195165	0.9097920749023116	0.20482889	16.245846	14.166615497076025	267.3333333333333
0.3043033678517238	-0.0023069438128520475	0.5395077609938165	0.11438322486261122	0.22725953433832868	0.7808472527664974	NaN	NaN	0.2543932748538012	NaN
0.19002196290858192	-0.0017578019456514016	0.35082810187653984	0.08137848244469104	0.23100390990985184	0.9924070387728754	NaN	NaN	0.3536842105263158	NaN
0.19517359616002705	-0.003799453350460081	0.40742671197479885	0.06666808530409142	0.9631620438362988	0.8615830601153878	NaN	NaN	0.3358406432748538	NaN
0.2597790066945541	-0.0026036220154761485	0.377852348736075	0.05288393029380958	0.933714927423981	0.9810788208380221	NaN	NaN	0.800548245614035	NaN
0.2565169307303298	-0.0023907079664670407	0.5115616876337228	0.05669176784476685	0.7404425033843678	0.9773570056486057	NaN	NaN	1.0034064327485381	NaN
0.16143104737638325	-0.0039962971486004716	0.30259553695527286	0.1034226714450842	0.44864951787117424	0.751590147868541	NaN	NaN	0.15975877192982457	NaN
0.15940997857733358	-0.003623063904426831	0.31781645857526153	0.033981455166967746	0.5547682325597134	0.7759946200866559	0.37587807	18.110455	11.528771929824561	409.0
0.1302889772125999	-0.0039470135334896544	0.32689314012157333	0.12312739611194037	0.30860527404618143	0.9675508466910548	NaN	NaN	0.11683479532163742	NaN
0.2833030733683488	-0.00507033434949279	0.4539127452520545	0.014752586624475443	0.4552776503048354	0.9826315552559425	0.07789435	12.10067	11.353084795321639	154.8
0.2946297342186708	-0.003921546153602856	0.5171357697484675	0.027601187354671475	0.32033303977773175	0.7687670514471804	0.62412196	8.953385	11.730255847953215	131.16666666666666
0.3435180884818936	-0.0010317137142153887	0.44047291809214206	0.06828878890684434	0.9910766759271743	0.7782131658263542	NaN	NaN	0.6841666666666667	NaN
0.27954114907247646	-0.004457190786560353	0.525972616205938	0.030712342306492342	0.3330788842276672	0.9646632977173961	0.16466518	10.402669	10.689254385964913	155.2
0.42076147774900585	-3.779821296239443E-4	0.4633932359982011	0.04161021218605861	0.9574709878585252	0.8523393629303859	NaN	NaN	2.100343567251462	NaN
0.39291267403548413	-3.3906391889771005E-4	0.34994576852416004	0.06866874453954765	0.555664234961493	0.9317548135130092	0.48395085	6.0677986	13.308837719298246	583.0
0.3023160636438721	-0.002591951592123633	0.5289000867117879	0.05111119022589633	0.32059898196140824	0.8500820805399721	0.5331697	9.231584	12.25247076023392	197.0
0.27332841453757284	-0.0017668937503202825	0.32003870353549413	0.05698921245047717	0.35603483359593197	0.9456618423317152	0.29603428	10.220703	12.960380116959065	293.3333333333333
0.29921344017626766	-0.0015031230802435636	0.3722228399611308	0.05867445316744076	0.9580818382845339	0.9756156618776644	NaN	NaN	0.7319005847953216	NaN
0.20691333805419332	-0.0013858074948346942	0.46963212566766427	0.028471757168501522	0.6578203040782115	0.7955891265283888	0.5437797	10.9509115	14.108340643274854	332.0
0.3411403635062661	-0.004893281592930397	0.4187952614895149	0.009407604954546851	0.7058173655187657	0.7696508425652837	0.6090326	8.032366	12.28625	214.5
0.2552913636067078	-0.0022157503918766005	0.39530748076934397	0.0945536306832483	0.8230034092527748	0.9825630589256876	NaN	NaN	0.23376461988304092	NaN
0.4210959886698771	-0.0010452649630111372	0.4233137043257404	0.10459891920336392	0.14709448277255613	0.792750775940423	1.0851711	7.0982156	11.134254385964912	NaN
0.32973360100275495	-0.0033940593827902813	0.4703232666947978	0.050565333320302344	0.2777679996849903	0.8420255232045009	0.55784214	8.879091	11.91530701754386	156.8
0.21489306329905983	-4.2139911288697866E-4	0.38683345737780783	0.06475308777252105	0.6206531133218957	0.8726332206386445	NaN	NaN	1.2318421052631578	NaN
0.2973076573781631	-0.004244341777881038	0.5384115598092678	0.00530084698798006	0.10065888375061183	0.806627651691028	0.46783495	8.806694	12.064225146198831	88.2
0.286484739454375	-0.0019910999756881037	0.4753760242598164	0.11164375622897882	0.057822646480636064	0.9605255406150547	NaN	NaN	0.2847953216374269	NaN
0.2633838356710937	-0.0025021972983816565	0.5068019663761647	0.1250586616131336	0.3478459360026624	0.9862482676169226	NaN	NaN	0.14476608187134501	NaN
0.3588000446348256	-0.004278901349075161	0.43524835629322367	0.0972083242037558	0.486338393807482	0.9895398720158985	NaN	NaN	0.36488304093567253	NaN
0.3412113040146264	-0.004564450509481697	0.32207733076333417	0.09185308795390205	0.039587057781731404	0.7893811395097698	0.7087204	10.575233	8.115168128654972	NaN
0.38128454817651813	-9.746743082916454E-4	0.4204411637843312	0.018811730757185268	0.36013181496482694	0.9368735050665941	0.35144347	6.4544063	15.906637426900586	116.28571428571429
0.3434474486473723	-0.004383445660293997	0.4006004765717589	0.08485287513166381	0.47521070598188064	0.9430915012564282	NaN	NaN	0.6655409356725146	NaN
0.10966895894058068	-0.004937063440417079	0.4660769729134781	0.09291951024961327	0.2888746007281672	0.8114150282557936	NaN	NaN	0.1468421052631579	NaN
0.11250595781006831	-0.003101588299073975	0.4468234186489815	0.03327392028090591	0.880970669162114	0.9877367187849999	NaN	NaN	1.0959137426900585	NaN
0.430627164036136	-0.0026291703989456687	0.3089195893285376	0.07254667794612252	0.2503513749760515	0.769049587376714	1.0178645	7.2610826	13.262989766081871	219.0
0.2963839705589907	-0.0037137013879485906	0.4778002732832478	0.023935410245358807	0.32553884137981676	0.8775774738764015	0.36355644	9.245146	12.476783625730993	132.0
0.4139362325400425	-0.0034522761005971016	0.37143513714584164	0.04998762907489062	0.9709280870841734	0.9996070773396988	NaN	NaN	1.0342763157894737	NaN
0.224236352732615	-0.003955893977539657	0.5306723653965283	0.06748362689892247	0.3625124200589978	0.9592749796648373	NaN	NaN	2.4202631578947367	NaN
0.40751478861034374	-0.005088897746255247	0.4898108076462615	0.06528338593325334	0.8558859421956008	0.9319849269717053	NaN	NaN	0.6738742690058479	NaN
0.24138475808253462	-0.0012495282489933901	0.4617787703640366	0.10989495249940245	0.9774929631986501	0.8270764589615729	NaN	NaN	0.19927631578947366	NaN
0.4062920288566446	-0.0018307373680326816	0.3786911362831631	0.0566462387488807	0.6412213963681757	0.9175025648853965	0.4157068	7.5281324	13.256381578947368	532.0
0.17668179536670053	-8.774970390858011E-4	0.45136784966861565	0.002289750568896478	0.12903344437508626	0.8662351783955153	0.334018	11.712016	15.626315789473683	101.5
0.37424870322520154	-0.0029500841303437475	0.3861824187447282	0.13163800002130122	0.8225730849292363	0.876007518921158	NaN	NaN	0.17730994152046783	NaN
0.23619538193696543	-0.0026374133456718387	0.3066450614111824	0.07632102208525092	0.4784789123260426	0.9448930328052074	NaN	NaN	0.6553874269005848	NaN
0.43017223054289977	-0.0024749922342446494	0.3019045478707759	0.05528672899132801	0.8942361829717113	0.9246534473431307	NaN	NaN	1.4456578947368421	NaN
0.2460359303289855	-0.002002440731834389	0.4080895679526027	0.05044675511258224	0.8034026303336194	0.9492727471189994	NaN	NaN	1.464393274853801	NaN
0.22168195270894303	-2.49062466079577E-4	0.3385355555960641	0.07752797369923972	0.5026022161091702	0.755608450422674	NaN	NaN	0.6823026315789474	NaN
0.15381875551656937	-0.004325379943798678	0.4196070093395833	0.13625229424613475	0.08199782612078957	0.9275834790695847	NaN	NaN	0.09646929824561402	NaN
0.3589066673231528	-0.001895914824673598	0.41339754110802523	0.11937024450614762	0.7834209361871896	0.9862271702230996	NaN	NaN	0.19926169590643275	NaN
0.34273675784309343	-0.0048452578268705	0.43215800189709797	0.13565896442789938	0.32311915079532355	0.7645377084607405	NaN	NaN	0.15050438596491228	NaN
0.10883524677315744	-0.0022664461464601414	0.5111738603983562	0.0750106532575405	0.4111061995288474	0.8734333036742343	NaN	NaN	0.22309941520467835	NaN
0.3645130496932222	-0.003198049153064358	0.5330117246734127	0.12333763200778033	0.89726430258981	0.800808921448448	NaN	NaN	0.16513157894736843	NaN
0.3638123941926964	-0.0031237252914179977	0.4618258137807675	0.11776521063512015	0.2406541110638031	0.9132093576764493	NaN	NaN	0.22441520467836257	NaN
0.20761095226234916	-0.0037942924406006305	0.3887212083881617	0.03194077069838737	0.39796866850500223	0.8901287414155784	0.2735193	13.362997	11.829517543859648	191.75
0.39291502774050413	-0.0012158864232993238	0.41919317788680033	0.05312956635815899	0.869325867338649	0.9361784988834221	NaN	NaN	1.845080409356725	NaN
0.284998445836784	-0.002806246040754206	0.5493017352914186	0.09287402075010259	0.9314600127764904	0.8010289258171654	NaN	NaN	0.2245248538011696	NaN
0.1630213474607145	-0.002501637097769055	0.42561636990541873	0.09054960918925563	0.9850515479535311	0.86128870324276	NaN	NaN	0.1945906432748538	NaN
0.1514966359416862	-0.003605862794015361	0.32391590762778233	0.03624823915604252	0.19443084446750838	0.8704774895089425	0.26555806	18.539463	11.626052631578947	223.75
0.2772728632576382	-0.0021260077751770216	0.44620916575323843	0.1205574431294304	0.0023440319799740124	0.7815722030824122	NaN	NaN	0.2175511695906433	NaN
0.3442868899298245	-3.122424268336209E-4	0.49462898365596064	0.11238532170514108	0.7550087912489538	0.9028402545830232	NaN	NaN	0.28421783625730995	NaN
0.2223312223955739	-0.0027957268167650667	0.4031392510641951	0.13981705339416087	0.21413337422770137	0.778853835047567	NaN	NaN	0.11654239766081873	NaN
0.23150850860882416	-0.003643357948431859	0.32449492934171087	0.06379610821195288	0.6020731472689788	0.9797178931316246	NaN	NaN	0.7402704678362574	NaN
0.4423451361812548	-0.0014741106747248145	0.5354400231637124	0.13132506024802104	0.5092538096100054	0.7981195431076743	NaN	NaN	0.2804970760233918	NaN
0.4030487564018177	-0.0045217304151164445	0.5293688480916309	0.13090604976672793	0.27051751315472483	0.8542654308023597	NaN	NaN	0.15557748538011695	NaN
0.4168688034749126	-8.046207452828641E-4	0.3534805290576037	0.0945256542836839	0.6200842327477724	0.8070318179060687	NaN	NaN	0.795891812865497	NaN
0.39460964049037195	-0.003857362320976241	0.3694133426706748	0.06097428586445378	0.6875839864198908	0.9475951873166868	NaN	NaN	3.895796783625731	NaN
0.31211223460688614	-0.002380240648185648	0.549261472239756	0.09042496937556345	0.8739732777744791	0.8217917949794273	NaN	NaN	0.29048245614035084	NaN
0.3509305819513032	-0.001623621627929699	0.5262763818853322	0.14163411914672125	0.3157139888940296	0.8947958227166399	NaN	NaN	0.15080409356725147	NaN
0.14985465097621803	-0.003902592802821998	0.4641836374635704	0.09592885972597526	0.5244371572294049	0.9471979147423062	NaN	NaN	0.15203947368421053	NaN
0.3566536754884698	-0.004752901503669021	0.46536536153702346	0.12227790362018376	0.19177513028329435	0.8539692593124592	NaN	NaN	0.21244152046783626	NaN
0.29611609166630803	-0.0014202130020686903	0.3548512698615017	0.007579163382734845	0.9343759193059626	0.8563392042207584	0.48643613	8.316311	15.410709064327484	NaN
0.29373796834348553	-0.001508763256012488	0.539526923932819	0.03611669349443318	0.08094074529833754	0.8934939491150171	0.4432813	8.101883	14.544809941520468	114.0
0.16225837751804614	-0.001199666191106999	0.4848262919872637	0.019627234082644253	0.17379002103904984	0.8738863945771914	0.31590024	12.733685	14.72514619883041	133.5
0.1725618595794557	-0.004839903450143977	0.42076423741947205	0.01116497276469381	0.17510115599605147	0.9604670388851585	0.08578869	16.834478	11.233611111111111	117.28571428571429
0.1845753641173962	-0.0033661900609275874	0.5060403418174864	0.11495973432253037	0.9779141955767234	0.7764071596428662	NaN	NaN	0.14048245614035088	NaN
0.27989754064293404	-0.0037886680144777396	0.3003833436214469	0.0036331845224184347	0.5715715278573815	0.9569596509828993	0.11404759	12.288113	14.485540935672516	161.4
0.4046334469723112	-0.0012523133954220767	0.427800168460611	0.08778025706085207	0.48975976780453323	0.8335320150826055	NaN	NaN	1.8224269005847953	NaN
0.44079859639921626	-3.129698577152833E-4	0.42515735239993113	0.09225572220369152	0.16718125702123743	0.8103386473700479	1.3487799	5.169387	13.749985380116959	245.0
0.3616371436832414	-0.0014134026380161662	0.45398778499426595	0.12815161573084102	0.7816404403159813	0.9851354142518897	NaN	NaN	0.18976608187134503	NaN
0.30311228673903245	-0.0038853493028390847	0.43773202338271733	0.09293943947885057	0.5959540129054498	0.8694648615090375	NaN	NaN	0.28228801169590645	NaN
0.32992057028790045	-0.004508348233149401	0.3501605269082796	0.09051725681858	0.8160780896111507	0.8819718943117819	NaN	NaN	0.30933479532163743	NaN
0.12280991128656579	-0.002956548567820675	0.4135686629477986	0.03778767223341489	0.42570579066473635	0.9900719541902838	0.112313986	22.762144	10.042543859649122	849.0
0.3393043676023163	-0.0017016107574575605	0.5317969059991718	0.09914643465056142	0.2645776033832769	0.810420029237652	NaN	NaN	0.8151608187134504	NaN
0.3556240733542293	-8.133554934348202E-4	0.4342298062141037	0.003037207002896307	0.009200363146523232	0.7900616441250384	1.0027007	5.8706007	16.332068713450294	75.45454545454545
0.3535088783778495	-0.004919603450091129	0.49291295985234285	0.06708647018633679	0.45574943916080474	0.7761374163670018	0.66637653	9.437199	8.734422514619883	537.0
0.19558866395758184	-0.003521603637947727	0.5077607054430562	0.08474049701165629	0.16028813706088424	0.7588202575491432	NaN	NaN	0.3616666666666667	NaN
0.4020779136161129	-0.0021898966535324116	0.5206894990684832	0.04965656701532035	0.6704188941481345	0.9865176732324902	0.15311012	7.956787	12.711016081871346	533.0
0.39399761484637685	-0.004525098781323454	0.39130411404923	0.0631329312251573	0.19339467421700823	0.9439681580066581	0.33336306	8.510294	11.019122807017544	180.5
0.16434375103259022	-0.001405987532793425	0.3666044812120809	0.07878135035545523	0.041279289164585335	0.8978659210050773	NaN	NaN	0.4703874269005848	NaN
0.4430307111507217	-0.004069875733463285	0.3889083641949659	0.14054477346521158	0.826639348816775	0.8141977324268433	NaN	NaN	0.1535453216374269	NaN
0.3398525171713087	-0.002193384059893743	0.4178555186158305	0.010538444006690099	0.4485838911202819	0.8801720887735989	0.42687503	7.6504836	15.246849415204679	111.42857142857143
0.16683979691104017	-0.0019405704710731332	0.48874838045685676	0.13744994777985345	0.004703669996912041	0.8580372970792308	NaN	NaN	0.11388157894736843	NaN
0.15837053155786904	-0.0011045147962461803	0.43458611348204	0.007183122302119547	0.030969024530233976	0.9002617902766781	0.2231771	13.4493475	15.318399122807017	102.625
0.22924596633147928	-0.004031826549473768	0.5186765254133876	0.02278863025992456	0.846670767943257	0.775497409153774	0.41944194	12.555619	10.293603801169592	846.0
0.184105514316804	-1.4047737310770518E-4	0.3385953697622014	0.14061415541175773	0.25145529413920986	0.9329423004150573	NaN	NaN	0.12774122807017543	NaN
0.34136851936382867	-0.002032537723737529	0.3371550277621312	0.04205812630090446	0.6677245081055602	0.7526126526433636	0.8814434	8.000661	13.95440789473684	322.5
0.10310310258486724	-0.0025869027504528052	0.3578141504292528	0.06275873486279916	0.8742002837583098	0.8295367287661086	NaN	NaN	0.2783552631578948	NaN
0.18448852911167046	-9.743606189415565E-4	0.4381938942579626	0.0358363956270838	0.3598074543370353	0.7778862791252262	0.60651034	11.236456	14.039283625730995	218.0
0.2499174828801064	-0.003359215262121328	0.5478719889661711	0.06568047482763266	0.7159286548016438	0.8539122777027738	NaN	NaN	0.6026681286549708	NaN
0.15324512439393184	-0.00158831449625722	0.48392812275733155	0.12638501931481197	0.34773122465434186	0.7645764655695093	NaN	NaN	0.11783625730994153	NaN
0.42960634674256504	-0.0034793294268863975	0.3275573442623541	0.026353179048740096	0.6387198594397772	0.7877587778844313	0.7980655	6.7688985	14.231454678362573	216.0
0.42186986015684247	-0.0033244190740019455	0.4369150928342504	0.12877329893365788	0.8611323565752056	0.8836323188691164	NaN	NaN	0.1803654970760234	NaN
0.3238638714576124	-0.004951330631675852	0.4288899027054689	0.021994264927230847	0.9471645818074733	0.9094618044098088	0.10120535	20.567636	5.780248538011696	NaN
0.19158435802954532	-0.00451920136130304	0.3961179913869812	0.13957263721925278	0.38106877654916255	0.9888943168977412	NaN	NaN	0.0995687134502924	NaN
0.4356817153716883	-0.003167945301625996	0.3248771479473669	0.10961529718159294	0.14279341384868952	0.7644398738210562	NaN	NaN	3.120891812865497	NaN
0.4405191299059409	-0.0035445389774761945	0.4458632585200635	0.03259027718091589	0.8318194641634588	0.8289179675644979	0.59110856	7.6358833	12.250372807017545	603.0
0.3753166757647457	-0.004062613187647401	0.5088184232899895	0.03402344370597956	0.8724803173228509	0.9692781573492457	0.07572172	13.654395	7.194517543859648	NaN
0.11855606419923342	-0.0038386872005707604	0.3058198390302404	0.07534381086791817	0.3943911731625591	0.8884611836757949	NaN	NaN	0.23416666666666666	NaN
0.3715447699003822	-0.0025237339490524545	0.4582481852544421	0.10789612332265258	0.8853437246458665	0.827391621854499	NaN	NaN	0.2652997076023392	NaN
0.35835475599227773	-0.0015064711151445314	0.3222453182330863	0.11202295084076075	0.7171902536072754	0.9372949516678419	NaN	NaN	0.29566520467836255	NaN
0.35619519190332705	-0.0021081658045284243	0.47427624240051935	0.06575247521369501	0.8834155908188435	0.7802883144971022	NaN	NaN	0.8402631578947368	NaN
0.11049261389168127	-0.0016805071987732324	0.36637872940861227	0.05054229001603535	0.7930275141085412	0.9345535995584735	NaN	NaN	0.5143932748538012	NaN
0.1167838903762166	-0.0038303137159647485	0.3431862189087119	0.08665882138875415	0.3169969774549544	0.9257788749726573	NaN	NaN	0.18755116959064327	NaN
0.4051311977127604	-0.004058951020614618	0.5049321524350889	0.004958857243708699	0.8580270772251841	0.8433349563546246	0.50739586	7.12622	12.924612573099415	376.0
0.2417049086998412	-0.0037611507567671385	0.42169454231773984	0.0023315138501375835	0.43392449002371797	0.7526913944626445	0.5201191	10.138754	13.404261695906433	111.57142857142857
0.19491610451258057	-0.003977650392109686	0.380142955703355	1.0614263860187377E-5	0.34906729828150973	0.9026925600399994	0.16145833	14.68344	13.329210526315789	122.0
0.19488917484456286	-3.482757793420492E-4	0.3002507242369621	0.055939273065107306	0.24484779797524486	0.8708009292016909	0.51196444	10.12292	13.086834795321638	308.0
0.24392511891944363	-0.0030357168311545123	0.33279576674182076	0.10982696678249125	0.2305330678411174	0.9825309312624261	NaN	NaN	0.20955409356725146	NaN
0.15210368080321046	-0.0027636173494545316	0.40017581651790635	0.058358209105776424	0.5126131585906653	0.8547710228242121	NaN	NaN	0.7345979532163742	NaN
0.14539943885693368	-0.0026734105651589745	0.42100810289392676	0.005969810592139512	0.8695144839873599	0.8112218801774389	0.28004465	16.224205	13.79610380116959	507.0
0.1091405962904888	-0.0011996509148652851	0.4602892660401194	0.0988964210534638	0.41419120511987184	0.8719299589841139	NaN	NaN	0.14869883040935675	NaN
0.12672488597993978	-1.9986662291013915E-4	0.38039576502763756	0.0828835585074064	0.10036633656572551	0.8660036811173355	NaN	NaN	0.2643421052631579	NaN
0.13303412734909845	-0.0038680066748000407	0.36696563694640966	0.11458131358004048	0.15709023148068563	0.7756672435488814	NaN	NaN	0.1321125730994152	NaN
0.23367533183403572	-0.004585574159758376	0.48749394107262983	0.12756496364867387	0.17516583832194207	0.8024067359463972	NaN	NaN	0.12225877192982457	NaN
0.2711444382265099	-0.003506099855135779	0.4282909369575188	0.04199132983739236	0.5599578111367767	0.8191363876585407	0.48763403	10.83797	11.587090643274854	285.0
0.37728759823495395	-0.0038706508727859934	0.47800721022897796	0.04480853645046494	0.9463340724240289	0.9710684896143223	NaN	NaN	1.0014400584795322	NaN
0.30946139527165	-0.0034679261847254486	0.4881545242553612	0.07031504296955325	0.4282647059048463	0.8277877660089789	0.545238	10.963422	9.139780701754386	742.0
0.42590732567868506	-0.002294840368172156	0.3845963276748454	0.0517407710690139	0.8704084803038359	0.8283569536634336	NaN	NaN	2.316513157894737	NaN
0.23080716169754784	-0.0049644209430620995	0.4697159339810119	0.06183417635928331	0.47092477220500834	0.8140308815742754	0.34076646	15.060641	5.321366959064327	NaN
0.3319275628377133	-0.0032287918385923023	0.39548212016961537	0.007526228341037929	0.25913853873612913	0.8912163321384621	0.33948657	8.450738	14.45612573099415	102.5
0.1157553702779594	-0.0027267881296374782	0.5297270633215053	0.06835337211994322	0.5127131811771546	0.8730381341488066	NaN	NaN	0.28923245614035087	NaN
0.24753676530086197	-0.003678563609591537	0.34515633102318577	0.0581111077727894	0.6347474166843243	0.8165799108641982	NaN	NaN	2.368296783625731	NaN
0.35403568045448053	-0.0012929670163733702	0.4956685667751377	0.1092380788337517	0.8596442401425952	0.765352649854667	NaN	NaN	0.27591374269005847	NaN
0.40640038793422806	-0.0025464253184728607	0.48193677960670384	0.025664711020665802	0.070555835776074	0.9515645281431614	0.25721732	7.141794	14.457551169590642	92.44444444444444
0.29195629985005966	-0.0032629047399731445	0.39657554140253515	0.05267322747153463	0.8709361280697261	0.8695505915507816	NaN	NaN	1.011374269005848	NaN
0.22862003616219972	-0.002960917175801851	0.46398875871289125	0.1399866639094947	0.016172133034332792	0.8024675553297423	NaN	NaN	0.1261622807017544	NaN
0.18195313187505469	-0.004232568618744355	0.4357807912252239	0.042518936946711175	0.08110684107007445	0.9267337737326802	0.22617562	15.07393	9.986513157894738	188.25
0.19454674427742275	-0.003837756841987093	0.36575701710034997	0.06256778991631277	0.31875475988836877	0.8083314092613682	0.41759682	15.71697	7.267726608187134	NaN
0.22376296605149143	-0.001699635653441564	0.43959525683605116	7.157144992653649E-4	0.5996003519871792	0.9480912829710628	0.13239582	13.142567	15.49201754385965	175.8
0.3290698051075268	-0.0024005668667011165	0.3305122678465413	0.1232247364682989	0.9570990597505579	0.8285223963367769	NaN	NaN	0.1899342105263158	NaN
0.4429192377301897	-0.0020355536480983166	0.40017355628170564	0.12558029640504945	0.9929665516901038	0.8171691971811856	NaN	NaN	0.244203216374269	NaN
0.291859773656335	-0.0026765282381482785	0.38191367819714983	0.016273622922622858	0.4050009356901643	0.8633896993663629	0.4192263	8.862543	14.615475146198829	137.0
0.44128252114232747	-6.391802037859522E-4	0.4634786284902714	0.07753438597038144	0.42562191567511387	0.9898254487472229	0.22391371	6.0116234	13.32627192982456	389.0
0.2807146578094176	-0.004986951725125194	0.3081232350574711	0.11006520642824831	0.5333131783763964	0.9726269915881378	NaN	NaN	0.19255116959064325	NaN
0.37614428239726905	-6.264597552619943E-4	0.34436303703343196	0.01982230422995065	0.5005698939040656	0.7771221008987731	1.1995462	5.459532	16.02701023391813	154.2
0.2246402855030331	-0.0031763852544341065	0.4560804826459696	0.10237408113903994	0.5472992146336564	0.8874533670599865	NaN	NaN	0.19309941520467835	NaN
0.2290808395400615	-0.004868608025079858	0.4303254010196992	0.13659965893876416	1.7196144833099943E-4	0.9896204146981653	NaN	NaN	0.10923976608187135	NaN
0.22059092280039178	-0.004766264528712751	0.4710556247972523	0.042616826956675416	0.6361709976577354	0.930161785761878	0.2035714	14.735084	8.487836257309942	NaN
0.31318578436452627	-0.004868032397506432	0.5134790625673435	0.11441384287554879	0.5793706023614107	0.9756943342144294	NaN	NaN	0.1552704678362573	NaN
0.35290382175887514	-0.004380243475923082	0.48754641704266893	0.12216893520471618	0.7864640471748404	0.8079525555352898	NaN	NaN	0.15470760233918127	NaN
0.3375727781544807	-0.002856722189256181	0.4166860370193103	0.015548400053211389	0.41046476570820495	0.8015659053963304	0.6461311	7.6779146	14.464897660818714	128.14285714285714
0.4273809062499889	-0.0026682249386871595	0.521968968634051	0.056157792111217256	0.5788630976746586	0.8872758185473093	0.5094718	7.434592	12.300826023391814	363.5
0.30111689123582497	-6.161019916744664E-4	0.5046628022340672	0.12896684502902875	0.8180978719253039	0.9967916251092402	NaN	NaN	0.182046783625731	NaN
0.30270359315448825	-0.0015547437773664997	0.33541485248469	0.014028869748562881	0.7500561570959334	0.9301513000000409	0.27279007	8.511238	15.385328947368423	301.0
0.22329104477944098	-0.004850349262205594	0.44415555574020665	0.12266779238844075	0.0774150410560182	0.9258915188226478	NaN	NaN	0.13419590643274854	NaN
0.11041153346991517	-0.001954740533738869	0.3260066996251546	0.061914738002818395	0.8569234044145744	0.9851151413426069	NaN	NaN	0.34581140350877193	NaN
0.33865566013414616	-0.004496934226268611	0.34901102073945456	0.04015193959482325	0.7753640341795701	0.94471319262704	0.1940997	11.328116	10.551440058479532	NaN
0.22103333308495304	-0.0021358916143701776	0.3250816634294362	0.0033814453788591024	0.5296500538659656	0.9225627847570403	0.18831097	11.929889	15.393662280701756	159.2
0.3330730222387104	-1.2864881976230083E-4	0.3661349523011369	0.14140248539043523	0.45696942226266485	0.8089609443009865	NaN	NaN	0.18775584795321637	NaN
0.1881275300348736	-0.0036615490386673025	0.509567023428353	0.016484172324682807	0.5436283856773183	0.9873135480266232	0.066770844	15.07912	11.585138888888888	200.75
0.18404412593562378	-0.0045906479085226996	0.32693398617070835	0.041294425429109605	0.6927951052332756	0.822095491185391	0.29793903	19.657463	8.585182748538012	NaN
0.38397423651987106	-0.0023219747020040253	0.5044843529354943	0.12223405199108783	0.27692561473027527	0.9602166880775544	NaN	NaN	0.2607236842105263	NaN
0.4347044748389788	-0.002224036771660828	0.3058774253938636	0.10567415278270548	0.21329372672268332	0.9405226592770812	NaN	NaN	2.4978874269005846	NaN
0.3804530472326638	-0.0036539341074922974	0.38452846031940174	0.09856044505919927	0.05063833812823565	0.8255502745776533	0.69104165	9.62893	8.472273391812866	NaN
0.2809663896404295	-0.00145429205889815	0.5432942799098333	0.11348963339874758	0.35765486768529253	0.9956398135043038	NaN	NaN	0.19232456140350876	NaN
0.37624992321396866	-0.0015598520086562283	0.44211461508017147	0.04064788288990677	0.3740335778841565	0.9818334805851701	0.18305054	7.146679	14.765380116959065	160.6
0.13405921101836168	-0.002168316338633394	0.45343655300471314	0.04030245896710687	0.7815559182025206	0.844896800460036	NaN	NaN	1.210358187134503	NaN
0.2769560081548398	-0.004167610690156046	0.5211723422257344	0.049134289065260434	0.23443914265245352	0.7604794797054093	0.6203199	10.042942	10.161220760233919	179.2
0.18629466321248972	-1.6817912497272262E-4	0.35119367636208576	0.1062768055786672	0.15789081724758838	0.8775533233392374	NaN	NaN	0.21288011695906434	NaN
0.19785356918858962	-0.0034207079801507824	0.4212862708145287	0.046077061316466564	0.2837228133465983	0.8294602047972846	0.39845973	14.354811	10.883823099415205	262.3333333333333
0.10627378259798625	-0.001072610322926401	0.34163366091409425	0.07631656405569806	0.48850166998173694	0.8752778536217724	NaN	NaN	0.2482236842105263	NaN
0.13022908174921227	-0.003955872305272655	0.35554434492694437	0.09082599574879008	0.0790313225535732	0.9578360550981728	NaN	NaN	0.1897222222222222	NaN
0.4209523858476898	-3.3906472331099826E-4	0.525775283710161	0.12541045165351566	0.6226080615684372	0.7631333248295374	NaN	NaN	0.3036184210526316	NaN
0.14091127352718233	-0.002611366374808364	0.44765096148325556	0.06598690549970355	0.43465456306315003	0.8516225139972124	NaN	NaN	0.4843567251461988	NaN
0.20599632320972255	-0.004599688256635263	0.5336615439854174	0.004446171241226205	0.6485571060232672	0.7828328966880738	0.36310256	11.8811245	11.016980994152046	210.0
0.3614013655677468	-0.0024140939756192225	0.5294973339442666	0.05551731905582786	0.43526013192377705	0.8420225457864179	0.63895816	8.002033	12.60127923976608	234.66666666666666
0.10268348099541394	-0.002243770893043192	0.4019081266603083	0.06676836317871232	0.9909340472734206	0.8274244085667185	NaN	NaN	0.2500219298245614	NaN
0.21744562973902204	-0.004117255948088638	0.5494536871448248	0.05466545006904783	0.7474362560861356	0.8635476191560559	NaN	NaN	0.7454897660818713	NaN
0.159248457668565	-0.0031372826269296687	0.4674417049114602	0.10558120326544548	0.30366098134624736	0.8447750460045262	NaN	NaN	0.1613888888888889	NaN
0.2521949322629471	-0.004302685197735176	0.4741576471104181	0.058946127497740974	0.5473881883568198	0.9019818242197719	0.25476184	14.816887	6.395570175438596	NaN
0.3070168039004945	-0.003546843306994416	0.5021213493525942	0.01093523624487843	0.6022053294240226	0.846378126594201	0.42267856	8.750731	12.995292397660819	164.2
0.356203670434699	-0.0017231235968397996	0.4125203895173992	0.13064226813620805	0.656795157415811	0.9205128866870653	NaN	NaN	0.19035818713450292	NaN
0.22693955436343574	-0.0027309870547633334	0.5143523430727714	0.020489169881888564	0.5245855300637331	0.8980918161966203	0.26870534	11.305911	13.113187134502924	204.75
0.23544018235800437	-0.0029395859200128218	0.3100570346000289	0.13242789638992966	0.34724948908849024	0.9366602333660289	NaN	NaN	0.14396198830409357	NaN
0.4402148307364968	-0.0022758392378264855	0.4936552771435075	0.10450103770754589	0.15047440097129716	0.7704449575148463	1.0293378	8.03614	9.98937865497076	900.0
0.22421321976019176	-0.0044075879095985876	0.45446979520844816	0.02262864734654506	0.7353595681082745	0.9228746929107962	0.18819942	12.930581	10.789809941520467	384.5
0.36757211422664526	-0.00308533133394549	0.37244424141235355	0.1245793056664203	0.441893324214391	0.9381080937987347	NaN	NaN	0.18332602339181286	NaN
0.38346414530528794	-9.834008319684533E-4	0.44967244460460154	0.09136809492701646	0.7465316004047383	0.7898658442917295	NaN	NaN	0.5835891812865497	NaN
0.1954956677821483	-0.002987837879874389	0.37599645024054384	0.009613172382338466	0.09633275915188558	0.8410281822529307	0.3197471	12.465411	14.185299707602338	105.75
0.4162316267553169	-3.576257154814454E-4	0.5051416650368346	0.11539319488918638	0.274572708575124	0.883832264975273	NaN	NaN	0.9040204678362573	NaN
0.36417767005620627	-1.9162609540947055E-4	0.47676176349211713	0.11100250092684329	0.4243446773212337	0.7535633438016536	NaN	NaN	0.6601827485380117	NaN
0.3812657887051	-0.004178262890167258	0.3506158102396504	0.1037295211305358	0.4076694943272533	0.9368265789232759	NaN	NaN	0.33170321637426897	NaN
0.15131743431954253	-0.0043107679987472594	0.36276387348489814	0.02682145200375892	0.7789730997452591	0.7527293962566439	0.33026043	19.686863	10.109539473684212	NaN
0.19275113573814695	-0.004599087670101004	0.32273371167145887	0.032486927940340915	0.4281120399331994	0.753481231456113	0.4483185	14.472817	11.348859649122806	221.25
0.3180219402048752	-0.0023911715937736965	0.4218861626520596	0.028876112470761273	0.07284751112763478	0.8823828442882399	0.43715033	8.169885	14.450233918128655	103.25
0.40889233949100157	-0.00468152298536623	0.43021609106054093	0.043118667857639945	0.7237028149661855	0.8472528080578416	0.49921116	8.419996	10.702668128654972	511.0
0.10801408466740939	-0.002293146036744995	0.4843136306521628	0.06775501962417865	0.021501838490979277	0.9268153401550435	NaN	NaN	0.3339181286549708	NaN
0.33472471824210476	-0.0024893347632433975	0.4876392624773509	0.1002319234709835	0.773404147878898	0.7552114764077211	NaN	NaN	0.29094298245614036	NaN
0.2991185765099773	-0.004932423492789133	0.454318305541596	0.11292273305603959	0.9478194802114102	0.9848225478178207	NaN	NaN	0.15437134502923977	NaN
0.34493072128458635	-0.0018453575331650813	0.4647356558568076	0.006655154921136148	0.9877453242185197	0.8622091958121395	0.37880206	11.453228	13.328209064327485	NaN
0.296571783005256	-2.4581834230876334E-4	0.49992910942980406	0.07367021438142603	0.2723499772434583	0.7738357280894232	1.1526339	6.9069767	13.332953216374268	320.5
0.17067663564584215	-0.0025680904828890017	0.5284779428318118	0.1388875532118781	0.39659292159388476	0.7530041039095432	NaN	NaN	0.10143274853801171	NaN
0.13109036260912593	-0.004330710631056267	0.4048181441917998	0.03631194809403478	0.19806919097162975	0.7931672771845859	0.30912206	20.124044	9.543976608187135	257.3333333333333
0.39052820299562163	-0.004573388322279069	0.358963295491729	0.01128832214717796	0.9823631825431901	0.8846004136168235	0.18748505	16.311827	9.13954678362573	NaN
0.18083473211636886	-0.002009302178925551	0.520963927699314	0.11540848905025497	0.5759983875044054	0.885821753870379	NaN	NaN	0.14491959064327486	NaN
0.31936164307681725	-0.003512601675152086	0.4473115666975609	0.002408442244038058	0.8564563384193353	0.9806820975652618	0.060870532	14.526171	13.772821637426903	372.0
0.37541706430762134	-0.005089097011306311	0.49331797370540187	0.09999415525598439	0.5089112873374315	0.8596619790077789	NaN	NaN	0.31764619883040934	NaN
0.3508562298775698	-6.234080791043467E-4	0.48442601019893927	0.041725011015048545	0.46943579213992703	0.9955754223014288	0.1354315	6.659194	14.992595029239764	191.75
0.1619297548524077	-0.0018303183993940402	0.3088048687491014	0.0078034150312647045	0.9157106704700603	0.9109949895707901	0.17126484	15.434204	14.776966374269005	NaN
0.37863704375150387	-0.0011932027974690673	0.37353733648948984	0.07570810823873299	0.632844296235797	0.7766694019051812	NaN	NaN	2.398874269005848	NaN
0.4176088898430672	-0.0025889831808942137	0.5015267557165957	0.0913155316257992	0.03784729184704406	0.8868556887622729	0.62354165	8.047608	11.063947368421053	287.3333333333333
0.14843162859942727	-0.0044773064179658905	0.34696172785504753	0.09663262864737635	0.31092073160432115	0.921655036647236	NaN	NaN	0.1666812865497076	NaN
0.3811984694704089	-2.811089135029459E-4	0.524021884381052	0.011075854395096571	0.7214245246737814	0.9264163324916123	0.46925595	5.917149	16.512850877192985	226.0
0.1287114495713812	-0.0030753758968056957	0.3884506526433348	0.11584243356891347	0.9149079011423852	0.7803131423974914	NaN	NaN	0.13239766081871346	NaN
0.14534473302825368	-0.002209039880097523	0.3708426769453038	0.10020316586061426	0.2554019967978067	0.9870378841411839	NaN	NaN	0.1748830409356725	NaN
0.3802090923513164	-0.001649288331867021	0.40689519263494867	0.05728152708513324	0.20104184465886993	0.8398874579144484	0.76996285	6.8934197	14.21828216374269	146.33333333333334
0.35542628202153626	-0.001905135150537464	0.5155724977512067	0.10925632834556669	0.5856797282075478	0.9365047169733447	NaN	NaN	0.28365497076023394	NaN
0.305434590130499	-0.0034644020905470604	0.37496963678551254	0.11302700454888066	0.8348078386350534	0.8583236122984629	NaN	NaN	0.19344298245614033	NaN
0.24611413364851442	-9.810681200403048E-4	0.3456911205524683	0.09070945798804271	0.8593922419618517	0.7799469641781414	NaN	NaN	0.32691520467836255	NaN
0.41785914015246794	-0.0035534805264298883	0.437559197332602	0.0902908053695275	0.2402966469576932	0.8208364011767469	0.73725444	8.660384	9.774320175438596	571.0
0.11565716993525882	-0.0015227482232262684	0.3014276183413607	0.07717371779262955	0.4806189273706577	0.9378552563032938	NaN	NaN	0.24878654970760233	NaN
0.13679192425334313	-0.00433869609952977	0.3095135925439812	0.0669023589359156	0.5021870049119621	0.8423867635363621	NaN	NaN	0.3601388888888889	NaN
0.43940213070231315	-0.004341378753100679	0.34490519913192563	0.03120483921490914	0.180412732008621	0.8004304807294542	0.74862355	6.7646103	13.3790716374269	103.75
0.38814556329486216	-0.0033020186086627434	0.3704033335613809	0.05964152398786103	0.8318073743323964	0.7717066165909648	NaN	NaN	1.2429751461988303	NaN
0.10838331569299359	-0.002380426808280189	0.4544861586440313	0.02704926086190269	0.018974092862478302	0.8032865181529802	0.29180804	21.449297	12.410694444444445	168.0
0.12326839882649941	-0.0027679190520866525	0.4755275879931121	0.010961215096046016	0.44499013826328027	0.9715038577988137	0.06639881	20.45228	12.905197368421053	186.75
0.2959560184846578	-0.0017862865544379424	0.30626616301852294	0.008007856187372145	0.746511110104694	0.7502368802328861	0.8031919	7.683754	15.583983918128654	245.66666666666666
0.15781639923667723	-0.0040547089058743215	0.38743242752883644	0.008621484698708751	0.6304867545212003	0.8044113625170772	0.28538686	15.560747	12.351666666666667	228.33333333333334
0.3553987342356003	-5.771754245388777E-4	0.42014544446850105	0.025234986205594383	0.5520099620261363	0.8005465932078749	1.0352231	5.796488	15.750197368421054	175.8
0.4302451950970452	-0.0021619627849439734	0.39064534838217596	0.09155178427266437	0.3120705750198999	0.9951130206063352	0.19982891	8.772037	9.440007309941521	NaN
0.3841730428938277	-0.0014903115422217194	0.31182069304965143	0.0667416985267742	0.9252116204603353	0.94061834695302	NaN	NaN	0.7929605263157895	NaN
0.43492251628679934	-0.00279135863417632	0.3342169305948784	0.11586555365568253	0.5254076245851526	0.765886624028311	NaN	NaN	0.3152046783625731	NaN
0.15610588780618542	-0.001451677074966914	0.3543947544336742	0.10313561994235362	0.14748226120544736	0.8736076883634897	NaN	NaN	0.17259502923976608	NaN
0.39809368463911765	-8.468997795073185E-4	0.301982611475463	0.1173711494316676	0.9430118625678909	0.9555472483709995	NaN	NaN	0.2908260233918129	NaN
0.17114819138468992	-1.9568110233588113E-4	0.36409243057540125	0.12920624687858376	0.810574553941722	0.8349245261190247	NaN	NaN	0.13904239766081872	NaN
0.3359779354487492	-0.00362786852717043	0.33921734476389576	0.12715564804768167	0.8859729603364354	0.980456722270893	NaN	NaN	0.16333333333333333	NaN
0.40356430931055254	-0.004863793790332442	0.3837990830009368	0.03385301093044652	0.7403870192714671	0.8769789097379433	0.41487348	8.209745	11.565380116959064	385.5
0.21313053686201316	-0.0027139914750884055	0.4165532216979607	0.018862861847006532	0.1607295252648191	0.980883762097204	0.09482145	12.682148	13.935533625730995	116.71428571428571
0.39342100703325766	-9.317280665783795E-4	0.49580480042064157	0.08505465576183924	0.7734761149890083	0.9128667870826712	NaN	NaN	0.6977412280701755	NaN
0.20587577718753775	-0.0010471811599731579	0.33766493555601396	0.004144432943751372	0.5522698960956388	0.8165559796907266	0.49811754	9.820272	15.627390350877192	164.8
0.17307044433612248	-0.002554009823120743	0.5012403787937261	0.12759216615888294	0.999733967544629	0.7659668867812862	NaN	NaN	0.11494152046783626	NaN
0.27009814028409074	-9.378503269547749E-4	0.34630002787028846	0.13643273995829855	0.8921354698980497	0.9817392111573752	NaN	NaN	0.1487938596491228	NaN
0.19996061925131453	-0.00237277648473749	0.45823242930281266	0.051063598181633946	0.34300056868641343	0.8906326950063507	0.3313839	14.1989975	11.40031432748538	399.5
0.36497411855770256	-0.0046661791909336095	0.510740944655816	0.016666762863873096	0.3000496214747783	0.7526111555043843	0.71874994	7.3901863	11.775928362573099	100.75
0.3295576207804224	-0.0020144097256642357	0.3737833916725485	0.07436793567098567	0.7040549422920267	0.8083140163530588	NaN	NaN	0.9544736842105264	NaN
0.14433432377679098	-0.002009847493937845	0.30973288121590836	0.007896999446759978	0.4726453935757185	0.9580655034529437	0.08763394	17.115713	15.002872807017544	145.8
0.10742798159293224	-0.00489311072385334	0.545798261974862	0.11628616195845598	0.3368845222891671	0.8935303642474547	NaN	NaN	0.10082602339181286	NaN
0.1952656458483354	-0.003409626942461985	0.4632963927335969	0.10280297718477263	0.7609018005574778	0.9293893704484175	NaN	NaN	0.1584722222222222	NaN
0.38760530668360527	-0.002554786098294207	0.401533367273635	0.14005143563107822	0.6687756053975689	0.9451438905040458	NaN	NaN	0.16551169590643275	NaN
0.22929549045668235	-0.003582861784251612	0.44466585616631105	0.04107671704681281	0.23960682225010585	0.9345009646964479	0.2441146	12.280563	11.357054093567251	148.0
0.19525436055262224	-0.004627620715379407	0.427033575151627	0.06287653849069395	0.4090601180979316	0.9903424494931944	NaN	NaN	0.9705628654970759	NaN
0.31504523954426644	-0.0032122492080478363	0.5258547574806395	0.06035808496005207	0.028039930791216996	0.9886161215630151	0.19747023	9.580839	11.118611111111111	172.8
0.1453466251932749	-4.974705453473699E-4	0.42885271316674767	0.11129522884711733	0.5183964217360811	0.9916437333998303	NaN	NaN	0.14989766081871345	NaN
0.43259719997620516	-8.73461930521992E-4	0.3990459105534555	0.1269527348219917	0.770463031006504	0.8553314149979417	NaN	NaN	0.2886330409356725	NaN
0.20557523529765726	-0.0030967168601374025	0.41451814981393464	0.013875507657893664	0.4321819398319916	0.8110693975207992	0.38930073	11.984709	13.580233918128654	125.83333333333333
0.17898959319858498	-0.0036200410421619537	0.37913966754500045	0.03892089642259162	0.4280719798601271	0.8101681712365931	0.37875742	15.655538	11.107872807017545	303.5
0.2010633420178427	-0.0016844813954867653	0.3218038995547141	0.08237637357757752	0.8463859778833971	0.9304133943583014	NaN	NaN	0.32732456140350874	NaN
0.2112362519138533	-0.002617617114873922	0.4293651691824504	0.07629505926364519	0.3709453625597247	0.8326160014646609	NaN	NaN	0.6080116959064328	NaN
0.25055852967225345	-0.0012041089391492388	0.4189176659756262	0.012745795044148236	0.3831595807534715	0.7822416578951701	0.69887656	8.342461	15.47046783625731	130.66666666666666
0.3280628022225144	-0.004911902382868034	0.5118698061396811	0.1271671801258079	0.189467188867302	0.8226459168552827	NaN	NaN	0.15712719298245614	NaN
0.4487571978116742	-7.305822829636282E-4	0.4381857242581372	0.11249638426900996	0.5558476626490774	0.8629107131254962	NaN	NaN	0.5122441520467836	NaN
0.11415840771488857	-0.003826028895410418	0.5486489821811759	0.1241807804764085	0.6687245303641074	0.9535323358815753	NaN	NaN	0.09042397660818713	NaN
0.21716638596250826	-0.0026660426519981915	0.3947356270739032	0.1249463718421005	0.6496454745302075	0.8264805853749965	NaN	NaN	0.1375	NaN
0.40116217282690236	-0.003612690630538648	0.33506322275167266	0.13757090193373236	0.987878357743593	0.8746299824430603	NaN	NaN	0.1851827485380117	NaN
0.2864868138867682	-0.0027058448110036265	0.3290301471658581	0.0775771378198648	0.42381792072240343	0.9969228621039274	NaN	NaN	1.118377192982456	NaN
0.18783567610587	-0.0038351787471255375	0.32851201476299485	0.0663146451576262	0.41817805770438016	0.915495673736298	NaN	NaN	0.9055555555555557	NaN
0.24688943565992819	-0.003180587124974605	0.397896935810205	0.1313347789068524	0.9254650488471233	0.9354876373445041	NaN	NaN	0.1281140350877193	NaN
0.20791805412848258	-5.187861128358489E-4	0.33859320760820244	0.016187604714829402	0.599096089801833	0.9664267224555186	0.14940478	10.336083	15.297200292397662	222.25
0.1587591245330241	-0.004181309654714403	0.32292690026307225	0.08209183990182264	0.18229197325968116	0.8604933643111343	NaN	NaN	0.28375730994152043	NaN
0.13801736462667388	-0.004400184107815128	0.5222745142113171	0.02856626314145615	0.8715095062277863	0.8201068829590096	NaN	NaN	2.2940643274853803	NaN
0.20549266458120258	-0.002895567718463387	0.4377802926289168	0.04868648501526069	0.1129338400062695	0.8381416679597165	0.42548358	13.441902	11.640241228070176	190.5
0.39956208707884433	-0.0016072632240747998	0.4882379701695073	0.06267399235539547	0.13980860355538074	0.9546072468652158	0.35085562	6.880037	13.94861111111111	149.83333333333334
0.29176444699519677	-0.0018213392129391192	0.45704301695038435	0.12797008810817168	0.6588302688570439	0.995234497953382	NaN	NaN	0.1511330409356725	NaN
0.27831887696505425	-0.0038255579243382703	0.48863090082610056	0.08463808227281551	0.32191202526064044	0.7694837803160298	NaN	NaN	0.9350438596491227	NaN
0.3453119553595151	-9.837375130815472E-4	0.3688166858100854	0.050120395713334695	0.8999934720647469	0.7978838571338169	NaN	NaN	1.6636695906432748	NaN
0.4122776132520931	-0.003449760939784977	0.3739662632659474	0.03920778646930083	0.6268889686957398	0.9041447787735384	0.4116964	7.6644397	13.171176900584795	301.0
0.2677442388736142	-0.002956256427223271	0.5312045147053802	0.045116062879863514	0.7698165065832475	0.9444547882548897	0.10735865	16.10168	5.850862573099415	NaN
0.2838123466061808	-0.004379964329022988	0.4578629757900209	0.0902781484112862	0.6740163612848067	0.9710306080420852	NaN	NaN	0.25687865497076023	NaN
0.2001403342570628	-0.002383781468746902	0.37927106054441095	0.09771954079291685	0.9303162803102889	0.8860701524189432	NaN	NaN	0.204546783625731	NaN
0.19494649372546102	-0.0010021472454737677	0.4327011550332366	0.11647191836193228	0.8355583668976406	0.8254549108461754	NaN	NaN	0.15782163742690059	NaN
0.37228063052742744	-0.003818862393031704	0.3739074139155504	0.013578983487115977	0.4092255466701888	0.914031206157904	0.29825893	8.051202	13.92388157894737	120.42857142857143
0.20528315689019155	-0.001491064733763953	0.49508982750181296	0.001951729257070734	0.14735100047687727	0.8692003012930621	0.3162574	11.131278	15.417894736842106	98.55555555555556
0.19024302878340235	-0.0030157460028868476	0.44732444900520585	0.06113601551904634	0.7340455049752422	0.890470696716423	NaN	NaN	0.4967397660818713	NaN
0.420706370543907	-0.0018910708451308766	0.3813041517308924	0.10836710029150269	0.6868520182816596	0.846143558768623	NaN	NaN	0.34271198830409355	NaN
0.13579673270110604	-0.0023784277166592517	0.4716252133127875	0.05491481875588052	0.5259570877881709	0.7964558322759943	NaN	NaN	0.6925657894736842	NaN
0.23731641973627401	-0.00446654834996319	0.32754669021896776	0.13138586217639608	0.46799993385933203	0.8853042202841024	NaN	NaN	0.12638888888888888	NaN
0.35254032916915257	-0.0010294901798896033	0.447073639472366	0.13746925549032635	0.8374157381321419	0.8305961180101372	NaN	NaN	0.1804970760233918	NaN
0.16923239413278743	-0.002568493086603546	0.3080218307568454	0.014616862919181715	0.644951739277564	0.9297671836067529	0.15175599	15.0215025	14.419312865497076	269.6666666666667
0.42805685649931235	-0.003955750280224822	0.4252801184596484	0.02977834855572764	0.9326982551420078	0.8109866522820168	0.21528275	17.079632	4.927551169590643	NaN
0.3708774865956418	-0.0047374398944924805	0.5153849092004481	0.11290089942854441	0.15421027838659732	0.908924111316185	NaN	NaN	0.3342251461988304	NaN
0.14849739929522088	-0.0028947492090971552	0.39956572053975287	0.0032066493688715563	0.7190954379140267	0.8640302490499213	0.19901787	16.485525	14.013070175438598	265.3333333333333
0.254157514342215	-0.0029552955927964752	0.43313718880595364	0.09792911039709082	0.8548163778416343	0.8164100719556391	NaN	NaN	0.22889619883040935	NaN
0.15195567461560053	-0.004052873585881376	0.5102451232285051	0.010284649319080675	0.6392361794786553	0.825332147118223	0.24781244	15.9240055	11.017163742690059	266.6666666666667
0.4485505247763718	-0.0038697795701626435	0.5079852270760598	0.08194308240638212	0.7511502956688275	0.9969808606599868	NaN	NaN	0.5883040935672516	NaN
0.2397600431655978	-0.004391406033660382	0.4264845281696127	0.13451564024698018	0.5312115729785059	0.9304490321077561	NaN	NaN	0.1099342105263158	NaN
0.15754535066407907	-0.002445055455492243	0.3620678924250402	0.03587825988395042	5.793227368398374E-4	0.9223833072289642	0.22519343	16.32271	13.053654970760233	166.2
0.3703853279472108	-0.004081060241529707	0.42874417180590474	0.07917902660756278	0.7531886143858789	0.9867993982266636	NaN	NaN	0.47216374269005845	NaN
0.17809923531017213	-0.004840767745602295	0.44027654004520533	0.07273225743791654	0.12054552593922158	0.7990148222639737	NaN	NaN	0.9186622807017544	NaN
0.20907549690049546	-0.002808564427017491	0.5266062850593037	0.10567629343754603	0.7530727866798705	0.7925052344756601	NaN	NaN	0.15687865497076023	NaN
0.4208297888517054	-0.001389083368987426	0.4666536228736843	0.1311720137634748	0.11511928067557864	0.99885014460375	NaN	NaN	0.2798684210526316	NaN
0.4374696916483334	-0.0019206129337761924	0.40601757380642484	0.06335451560459758	0.24121873902720647	0.8533353693247239	0.7847842	6.4887295	14.019729532163744	152.4
0.14751378983500035	-0.0013254691622609138	0.3360523553954634	0.06843873196329618	0.14038779666456205	0.7897324341297696	NaN	NaN	0.8222880116959064	NaN
0.291537343607486	-0.0029110166598543545	0.3576416146835048	0.07094345077386394	0.19555638973496586	0.9452587167895168	0.31171882	11.403002	11.033479532163742	368.5
0.3791352751521737	-0.0034338174916627843	0.3428746708784155	0.07346685357293416	0.8214386297914469	0.9116824434618307	NaN	NaN	0.6588523391812866	NaN
0.19295471348449938	-4.961370406404919E-4	0.3441198683633757	0.028755935520642734	0.0935470223310307	0.7773910718854236	0.72210574	9.45809	14.8625	117.71428571428571
0.42220801311724165	-9.901699502555916E-4	0.4477771119822376	0.048803403736449945	0.42047038219274263	0.9523736491393715	0.36085558	5.941085	14.953062865497078	185.0
0.21869354548402223	-4.816999366188162E-4	0.5185810574270467	0.026627492583124236	0.024050667703695135	0.928331926413879	0.31023064	8.932312	15.152192982456143	110.375
0.11339192148112928	-3.3166599124400444E-4	0.35574401603037975	0.011396285931277981	0.7361401930659646	0.9673528679801671	0.09534971	16.504751	14.853318713450292	349.5
0.31604390554760975	-0.003800839874709502	0.309717326544442	0.12720964947168753	0.6848814820417637	0.8580382963364123	NaN	NaN	0.1563669590643275	NaN
0.3925309538799471	-0.005038480753407291	0.5248745523190778	0.125615160807799	0.8889891706935522	0.8689550609526753	NaN	NaN	0.1436842105263158	NaN
0.2655567452707646	-0.003498736191816581	0.390161332638832	0.00568281366547821	0.7180523575889999	0.8874702816035311	0.26915175	10.47208	13.884217836257308	170.5
0.1821594683735008	-0.0020963954949668466	0.34461506317793406	0.06697591995239659	0.015532135053543263	0.772167574904	0.5530432	14.667148	9.05970760233918	NaN
0.37246818121850267	-0.0010534583623106307	0.4447522711958099	0.1252179999476574	0.37465410289331813	0.8392685956481991	NaN	NaN	0.26723684210526316	NaN
0.12725675321419525	-0.0025062810705782142	0.3649903321343073	0.039959650023816067	0.3558075112954882	0.985943327128331	0.12841518	21.815548	10.956637426900585	479.0
0.22805582358598683	-0.0022556466511930544	0.4035695243134021	0.1325930460807766	0.1353062641600841	0.7946871652429821	NaN	NaN	0.13644005847953217	NaN
0.13257420078603827	-0.0016241536692844904	0.3746471755693346	0.1400494688538799	0.27486675847607	0.9246440078853316	NaN	NaN	0.10379385964912281	NaN
0.12607894372045678	-9.214105591826343E-4	0.45134140915080745	0.11625756825740904	0.6394798739714184	0.8949041977376102	NaN	NaN	0.13334795321637427	NaN
0.42621708101753686	-0.004051596660792889	0.31522108025794326	0.028653493264513937	0.4077601266607986	0.8864135074534283	0.4555208	7.164595	13.842967836257309	135.83333333333334
0.1959677938524978	-9.833379459499958E-4	0.4200023466862949	0.06984206630600436	0.09838174364512105	0.7986731882917331	0.6175596	12.663758	10.645760233918129	NaN
0.37733280882331355	-0.004151225497263816	0.4826712795424599	0.03993965897044754	0.361197568757618	0.9033385155580846	0.38784963	7.9905834	11.660657894736842	151.0
0.32375354774254156	-0.003993763292504835	0.36477534559337776	0.11962026086441464	0.28098114247046435	0.8030505352196605	NaN	NaN	0.22133040935672516	NaN
0.25273997932859843	-0.0012355053800249182	0.45280205930428713	0.132777961342095	0.2416086223419107	0.9622471599162532	NaN	NaN	0.14492690058479532	NaN
0.42386914390940256	-0.0047824511478484644	0.46619772146646327	0.12075994546542487	0.17186780933253762	0.9896494361485559	NaN	NaN	0.2614108187134503	NaN
0.212127327578649	-0.003169612335125191	0.42819765257705555	0.016968205535302993	0.7101958375515293	0.8249285338043639	0.36908486	12.098535	13.041747076023393	301.3333333333333
0.29990225170017426	-0.0029376114415216557	0.3909864960015099	0.13833630011499562	0.5017285129457605	0.8255201266758307	NaN	NaN	0.13622807017543861	NaN
0.11405937517869419	-0.0035401647499951907	0.4872456307009466	0.02672620276754553	0.28993891110689163	0.9424247322138755	0.13350444	21.34148	10.225065789473685	255.66666666666666
0.14014559910430907	-0.0019246680919082187	0.3835558360304118	0.04103275852847546	0.5479368474948247	0.9253443524746948	0.20789441	19.976957	10.934144736842105	NaN
0.23544517684634922	-6.715306711163882E-4	0.5228081117644423	0.0980088183369203	0.26755578746368003	0.8098539283112369	NaN	NaN	0.33992690058479536	NaN
0.33436561782649243	-0.0010214608113471707	0.3973525859500444	0.012218203737851702	0.8924664437477038	0.9201574178781944	0.34968004	7.5507894	15.482141812865496	604.0
0.4453592139607605	-0.0016200541309190136	0.48842273227166577	0.0616781145411245	0.7456080761265906	0.7959670446626804	NaN	NaN	3.740584795321637	NaN
0.12159948636628931	-0.0028315699680866516	0.5109668118558388	0.024665473598391486	0.20838363111941474	0.8272739979036117	0.25982141	19.17489	11.53719298245614	180.0
0.370148374919529	-8.439219406022691E-4	0.4236748057797872	0.07373740825232203	0.2053145321675937	0.7553222248339402	1.2522322	6.421886	13.79453216374269	181.4
0.33499151677744765	-9.392092553698367E-4	0.45820284802720357	0.14156478300753667	0.623449419564959	0.9764943339011946	NaN	NaN	0.14309941520467837	NaN
0.24061624385087702	-0.0015325271454808508	0.35757951790701503	0.1349168326215146	0.3401561625727505	0.8405804750467638	NaN	NaN	0.13864766081871344	NaN
0.2986936192934346	-0.003289639978197102	0.3339623220201508	0.12968685305633812	0.7810043739938745	0.9190053027869278	NaN	NaN	0.1560453216374269	NaN
0.17374600720708633	-0.0025840698362731437	0.33944775849400866	0.03274345247444534	0.913691139981915	0.8779824629633138	NaN	NaN	1.9220979532163744	NaN
0.1536807487059994	-0.002118320124257574	0.4188942532932306	0.07456424289264386	0.3829019784218177	0.8276661971266419	NaN	NaN	0.37519736842105267	NaN
0.21090564479908763	-9.43765326076067E-4	0.5207813656676723	0.13190102127405823	0.9815951905540474	0.9505606058820462	NaN	NaN	0.13524122807017544	NaN
0.19397088636301724	-7.10005225714137E-4	0.3453081622444111	0.12438550198744847	0.7584379820118379	0.9405820756185741	NaN	NaN	0.1518201754385965	NaN
0.161773963906938	-0.0024574155360308565	0.4092534138765433	0.09516665663719888	0.9988259625564134	0.9510722648402775	NaN	NaN	0.18159356725146197	NaN
0.2821903201416688	-9.457810951085393E-4	0.5048248027164566	0.08093545111073783	0.8556134497052498	0.854017726683476	NaN	NaN	0.4883991228070175	NaN
0.13833346743220323	-0.004556230010955788	0.38677644669518685	0.04350691885117923	0.1072259757959273	0.8200089278672202	0.31218007	19.545053	8.92046052631579	348.5
0.28368856921392926	-0.0034915109385772734	0.42465508264312163	0.06636611308959858	0.997228879172127	0.9357934067758953	NaN	NaN	0.40282894736842106	NaN
0.15619607701543048	-9.686679207548509E-4	0.32804625768288553	0.022022923496947212	0.26686918695919737	0.9733429123571481	0.116473205	13.426489	14.64861111111111	160.2
0.361483563346946	-0.004595442123471621	0.31425117689963133	0.07784640756965612	0.7846057188193762	0.8063287463881851	NaN	NaN	0.5063888888888889	NaN
0.1312599215308119	-0.0022537033495555457	0.42377105941230975	0.026354258900413766	0.8566502670558741	0.799917399114934	0.19866817	26.153103	8.113084795321639	NaN
0.36020639839329516	-0.004795721112306524	0.35736505043581823	0.1162149577947404	0.6652886470930548	0.9714641379501089	NaN	NaN	0.1907748538011696	NaN
0.20824063700989995	-0.0012673000613240442	0.3540558642983204	0.12188374838832389	0.9249452668962251	0.8195669963489339	NaN	NaN	0.16407894736842105	NaN
0.37591594712447773	-3.9032702464522384E-4	0.346277875702609	0.10764902237853272	0.9087797930873038	0.7890893856452961	NaN	NaN	0.3249122807017544	NaN
0.1739776802163251	-0.004710014287803854	0.5221088338434624	0.14163012466148395	0.4208432725950564	0.8901754408958071	NaN	NaN	0.09414473684210527	NaN
0.16016752737141998	-0.003292439008817359	0.42513008128017005	0.11106368867335945	0.055560833162839614	0.7604471691526715	NaN	NaN	0.14724415204678362	NaN
0.2825864533844354	-6.585271471987092E-4	0.39657141256679274	0.08407303735933805	0.4795269603901074	0.9849334629793773	NaN	NaN	0.9200365497076024	NaN
0.3910458830931727	-0.0038835117936790336	0.5278850771563558	0.07046921803843022	0.3196445813546299	0.9067543798847338	0.43121284	8.528625	9.892309941520468	255.66666666666666
0.15150915867148604	-0.0024575412505081252	0.37234613905994174	0.11132477438318888	0.1723194944758253	0.7800541452742987	NaN	NaN	0.16503654970760231	NaN
0.2610113513781688	-0.00468434185901883	0.3135008933015949	0.02684051660565027	0.9339514120148235	0.9724971898509193	0.016465774	89.336	2.5301754385964914	NaN
0.2273124054756792	-0.001540858514295601	0.44480591653085	0.07104546502972847	0.06245045828764573	0.8481346450392631	0.5350224	12.227617	10.926191520467835	405.5
0.38135939466107327	-0.005091163313670525	0.5163623565875963	1.914565900553493E-4	0.0299486246620279	0.8884061674511394	0.3211161	8.021665	11.887127192982456	68.36363636363636
0.16768691527624585	-6.615880249134403E-4	0.40071570358553055	0.034293524087072653	0.432232129268661	0.89322231820986	0.34402543	11.882834	13.96375730994152	251.66666666666666
0.2858573023185784	-0.004069322198754006	0.3939425084405653	0.07949785635550233	0.33953381586856723	0.8297055819051503	NaN	NaN	1.895423976608187	NaN
0.24152465558182656	-0.004641319130725043	0.4110823732364398	0.06011040510691524	0.16532071089891223	0.9404499860151219	0.26648068	12.912113	9.141038011695906	297.3333333333333
0.38169783015108083	-0.003561332791126742	0.3660154860358382	0.07787673166204122	0.7973130637826177	0.8187565180444604	NaN	NaN	0.5531067251461989	NaN
0.3621811418055437	-0.0030967231096683634	0.3664708059814986	0.05805876435399469	0.9796632759419855	0.9558490683098098	NaN	NaN	0.6815789473684211	NaN
0.2942987314677267	-4.4913141551230763E-4	0.5005340496046814	0.10300543526203071	0.004776428203350618	0.8956761833059965	NaN	NaN	1.5748026315789474	NaN
0.3900754994963944	-0.0036694324903180572	0.5240839897094685	0.13416550722622328	0.012613131666567174	0.7706311768936529	NaN	NaN	0.19056286549707602	NaN
0.23367761508484086	-0.004212097009189548	0.460513516349384	0.03815310609560424	0.49578178215519597	0.9159163393354862	0.253817	12.407078	10.3731432748538	260.0
0.21963841404022588	-0.00507117981560427	0.5381021180898243	0.01976610148415946	0.6586406490983007	0.9188476523516905	0.18180062	12.736556	9.782317251461988	260.6666666666667
0.12414585213276111	-9.429178237141932E-4	0.3839298601093307	0.007397989366234792	0.8140661955374323	0.7801215430376112	0.3863988	15.245339	15.013472222222223	440.5
0.2522879664827477	-0.0017610593411896674	0.4704106782193833	0.05460397738332347	0.05394595652985736	0.8178933781697357	0.62540174	10.037178	13.244795321637428	171.6
0.3858911285958557	-0.0021226417747477757	0.4247432409701334	0.07361781075546306	0.578162062162573	0.858863342838931	0.30648077	10.164516	5.710650584795321	NaN
0.2515956876915616	-0.0012954082393791654	0.42791938865291385	0.10520878741927388	0.6883033736028417	0.8778152300195416	NaN	NaN	0.24347222222222223	NaN
0.28665680965116036	-0.0035142534676403147	0.33769919575665625	0.031666601992519	0.96831133373517	0.7930594510604199	NaN	NaN	1.8885745614035088	NaN
0.229100261157597	-0.0013331872167516156	0.5451840359533967	0.03505963033565359	0.3060642963223775	0.867817178105484	0.44283482	9.86778	14.200255847953215	177.2
0.39417782675458857	-7.108812835338429E-4	0.5425383723163015	0.1237900645515107	0.42233643251837966	0.980037306937348	NaN	NaN	0.300796783625731	NaN
0.2693335988593532	-9.408736769305142E-4	0.3769902267399359	0.06033441502361744	0.531796731762028	0.9467232333839117	0.28635418	9.933914	11.948954678362574	NaN
0.40529604127546515	-0.003270243944209515	0.30466159182226543	0.10978268743467762	0.7735619698780065	0.8952893271728339	NaN	NaN	0.2708479532163742	NaN
0.17054396373171604	-2.2076165739483224E-4	0.38494294419990477	0.12615376595085306	0.5249452279225927	0.9284660286260842	NaN	NaN	0.14027777777777778	NaN
0.25575455435295036	-0.003981205655812766	0.5191504906573068	0.008653539236654602	0.6043039180529843	0.9509925454953206	0.130186	11.908712	12.048209064327486	194.25
0.10333322864021267	-0.0033851965093429043	0.3449281075054701	0.06314799973541334	0.42922401278687494	0.8539130166085633	NaN	NaN	0.3431505847953216	NaN
0.3755588707514982	-0.00364131361928551	0.3333352204919825	0.11764378162230428	0.2217562565415607	0.8543282210807062	NaN	NaN	0.3248172514619883	NaN
0.17297029751545834	-0.003216656809716807	0.418572008752653	0.058907953748709795	0.43851008815480635	0.7765238154878062	NaN	NaN	2.9017105263157896	NaN
0.34849417575404207	-0.004775953235234696	0.48982899394447166	0.062327687194350105	0.3910670774599651	0.9015373702486287	0.3881623	9.374157	9.302536549707602	393.0
0.31250022682070105	-0.00438972481256668	0.3215218094191671	0.009425471794495618	0.9502203133471236	0.84145151935337	0.37211317	10.164719	12.900409356725147	NaN
0.41090146624017077	-0.005000261684556617	0.3171152981772375	0.10623009692398361	0.7814462241936778	0.8274861210552805	NaN	NaN	0.25014619883040934	NaN
0.43293822628283263	-0.004385874689639395	0.48450505672794386	0.009986753281056988	0.5204080702928723	0.9957572612630889	0.041830365	11.474848	12.774451754385966	140.16666666666666
0.3841416462860666	-0.002214198599607286	0.4883773040695311	0.11190685049133017	0.9962173771987338	0.9752901274681615	NaN	NaN	0.24844298245614035	NaN
0.1638205507569211	-0.0037056353568927208	0.3396984557835375	0.10715164610055597	0.1716112675896182	0.7614016000431318	NaN	NaN	0.1715716374269006	NaN
0.42731520809031953	-0.0045291817639445085	0.5112997669817829	0.08776101036910218	0.06658564778796598	0.9062601838100324	0.4968899	8.15837	8.932704678362573	213.5
0.28217876080970283	-0.0017750712805799185	0.3749458090609566	0.08943446834989027	0.03537247342698674	0.9326078494430583	0.38485867	10.908748	8.03752192982456	NaN
0.32175642791610276	-0.0027514517213190317	0.4020523810633013	0.07800631333598687	0.39133036907032287	0.8870815803194693	0.39648074	11.330001	8.198940058479533	NaN
0.40061172741377504	-0.001354656743564012	0.38181241996998805	0.030096775372613363	0.3355065926792145	0.825061688652779	0.86191213	5.9597034	15.470540935672515	128.28571428571428
0.35658451948927805	-0.0023928387656999193	0.3855795239525229	0.11314043080682966	0.30113952854044523	0.9687276556203095	NaN	NaN	0.3358187134502924	NaN
0.1155492241413565	-0.0023884995353320826	0.38034797181314906	0.07906998704173909	0.3365386225902915	0.8062179216362497	NaN	NaN	0.23583333333333334	NaN
0.32517052453714446	-5.43861498596967E-4	0.501674858448504	0.1130543294220293	0.7159285996377452	0.860133282610302	NaN	NaN	0.2679824561403509	NaN
0.2050337564572084	-0.0010805068799091889	0.5337521237665432	0.02244567854723647	0.09353648038929349	0.7737295399759125	0.64433795	9.797842	14.936695906432748	111.375
0.26576726126039507	-5.270971420044834E-4	0.4321102379852755	0.13648022168998464	0.7477818932748679	0.9991171215305568	NaN	NaN	0.15017543859649124	NaN
0.2113918418664913	-0.0015514650313808642	0.46989688977120075	0.13320373680970363	0.6453198620591676	0.7726957162576348	NaN	NaN	0.12546052631578947	NaN
0.4357509597652999	-0.004050517046420195	0.4483169164516798	0.07486915828199768	0.5792582347250392	0.8834416278027089	0.38136166	9.872797	7.696688596491228	NaN
0.24802376838120543	-7.171401422535389E-4	0.3038571130645984	0.139893565955899	0.6924156835476338	0.8020446904610259	NaN	NaN	0.14152777777777778	NaN
0.2979366682108092	-0.0016009943639953472	0.3617830708590937	0.049990657799791165	0.5183870711122952	0.8462378247333608	0.59000003	8.798265	13.586966374269005	318.5
0.3312104095605659	-0.0020323881853568856	0.3062350296838535	0.06484087958198023	0.7941655726693954	0.8059239466700152	NaN	NaN	1.1217470760233919	NaN
0.3692559699728486	-0.002057441719159091	0.49043512246915266	0.014560225710871118	0.7965626475381727	0.7922973102516581	0.7830059	6.82208	14.909963450292398	302.0
0.35731837563133517	-4.698973593152255E-4	0.3361374458660761	0.09612259871224299	0.7065582906121832	0.8774643716426769	NaN	NaN	0.5021856725146199	NaN
0.18672398306046098	-0.0019610530662265897	0.43381142236370474	0.024027028062311964	0.4343958742217593	0.9549466314978045	0.15719499	13.008408	14.099627192982455	202.75
0.22307943757570808	-0.004544565535351906	0.35517335652336657	0.13003475602661985	0.6627727273196528	0.8197166666827858	NaN	NaN	0.12571637426900584	NaN
0.28307386844691595	-0.0035568718754042266	0.3778153685304966	0.12729242016671782	0.35305390148837457	0.9873698061782978	NaN	NaN	0.158859649122807	NaN
0.3717279480532584	-0.0013556522144557604	0.3097876632169781	0.08907324142866552	0.1730032681481767	0.9119274590375672	0.541451	8.101911	11.787543859649123	516.0
0.2847008305482319	-0.0036164254822195615	0.4762508986470493	0.044581406149844266	0.8550568796601302	0.9173324675503995	NaN	NaN	1.3359356725146199	NaN
0.1906994810091705	-0.002498724257571217	0.413630898057621	0.010554666921957029	0.2881797194398483	0.7686290791121306	0.46276775	11.985906	14.400577485380119	127.14285714285714
0.29763362652928343	-0.002165415096284537	0.33119716681943273	0.06995262433888852	0.6383703688105623	0.9202866318289177	NaN	NaN	1.0314327485380117	NaN
0.23732669065082046	-0.0022980478327918456	0.37948748049418934	0.03492448695431974	0.23425832490127702	0.8042613231541547	0.54422617	10.552894	13.950584795321639	142.16666666666666
0.18314032346088815	-0.0015734642584155378	0.46756970011593296	0.1320087063079766	0.6414592762705469	0.7527978441269279	NaN	NaN	0.11760233918128656	NaN
0.27751304198901167	-1.274646239659032E-4	0.44154464866391085	0.11453203990780454	0.8792091946604401	0.7772249812909449	NaN	NaN	0.23633040935672517	NaN
0.14327631798942883	-0.002014682810718127	0.4689444385835444	0.14125753505201677	0.2446661701907335	0.7861370403444381	NaN	NaN	0.10140350877192983	NaN
0.38872273151281145	-6.239178593427841E-4	0.32348143426126574	0.06919698368841956	0.6445076317190606	0.9343860851173018	0.16065472	12.951751	5.133135964912281	NaN
0.18819606052736448	-0.004078313826976334	0.3618865963518022	0.06227602388396102	0.6742924364149973	0.8887171151965874	NaN	NaN	0.45875	NaN
0.20279484337860437	-0.004352683114457499	0.39599198659852325	0.1202490727407983	0.21579376201985295	0.9101065684251246	NaN	NaN	0.13893274853801169	NaN
0.391376417724547	-0.003297987829317183	0.4046300072013189	0.039341814623257976	0.8710961160748468	0.925829827247166	0.0960268	18.82751	4.988932748538012	NaN
0.3960722361012895	-0.0019569851609212005	0.37892961280683907	0.09789318965418382	0.7445956753467975	0.7528710597375566	NaN	NaN	0.43126461988304093	NaN
0.1560379948855491	-0.004576114599354039	0.4029937309407866	0.003524370591222142	0.5934137286639548	0.8758512796545149	0.16950889	16.81859	11.862112573099415	147.6
0.1741307593382244	-0.002017070033581229	0.32826780221927154	0.08973386641556702	0.16347562204907568	0.7575112160413583	NaN	NaN	0.28157894736842104	NaN
0.16600204627687815	-0.001906704459852323	0.5419009400511289	0.03536566387041596	0.12790661880838686	0.7537349712622253	0.5257366	13.919996	12.96122076023392	158.4
0.24600153410577405	-0.0017549318246419465	0.30652173724633675	0.051088536278099374	0.7612878325033906	0.921898117631921	NaN	NaN	1.9597222222222221	NaN
0.4269843148101825	-4.454152414097034E-4	0.48478136966331065	0.10823184736293757	0.6770746492630865	0.9351988638133094	NaN	NaN	0.47499269005847955	NaN
0.3381992461762762	-3.507757235178304E-4	0.31715852441360026	3.2616149274276206E-4	0.28380981507672914	0.82377999036274	0.9413615	5.848801	16.62698099415205	97.66666666666667
0.3199031903776416	-0.0038398811472042937	0.40549202259382444	0.06518086306233642	0.282810965709399	0.8385387561660119	0.5487128	10.131649	10.665402046783626	238.66666666666666
0.3121014914955732	-0.001985935038620134	0.5388466970862633	0.11288773558168086	0.5363050540210154	0.7761864940433174	NaN	NaN	0.20019736842105262	NaN
0.23616833366295428	-0.0048163862233247	0.4281818181786096	0.11876731298837132	0.028861855554493523	0.9954627184787224	NaN	NaN	0.1629970760233918	NaN
