0.107811	-0.01099752	0.2159303903490386	0.02556716	0.6655135	0.7978608	0.16138096	26.07668
0.107811	-0.01099752	0.5182127258561163	0.02556716	0.6655135	0.7978608	0.056424897	NaN
0.107811	-0.01099752	0.4838728778168875	0.02556716	0.6655135	0.7978608	0.097798534	27.957102
0.107811	-0.01099752	0.1796688756695655	0.02556716	0.6655135	0.7978608	0.1588425	26.931616
0.107811	-0.01099752	0.417882361942495	0.02556716	0.6655135	0.7978608	0.112706944	28.109446
0.107811	-0.01099752	0.30214397725959674	0.02556716	0.6655135	0.7978608	0.15739559	25.170954
0.107811	-0.01099752	0.367832345375669	0.02556716	0.6655135	0.7978608	0.15623812	25.341747
0.107811	-0.01099752	0.014544240767602638	0.02556716	0.6655135	0.7978608	0.16526002	38.22337
0.107811	-0.01099752	0.24410228811932108	0.02556716	0.6655135	0.7978608	0.1602051	25.798044
0.107811	-0.01099752	0.2713716943976938	0.02556716	0.6655135	0.7978608	0.15968496	25.414051
0.107811	-0.01099752	0.581314856260679	0.02556716	0.6655135	0.7978608	0.039659355	NaN
0.107811	-0.01099752	0.5083091325056444	0.02556716	0.6655135	0.7978608	0.053520128	NaN
0.107811	-0.01099752	0.156490649096933	0.02556716	0.6655135	0.7978608	0.16235904	27.09784
0.107811	-0.01099752	0.3127755401377665	0.02556716	0.6655135	0.7978608	0.15850921	25.11418
0.107811	-0.01099752	0.19444621200320553	0.02556716	0.6655135	0.7978608	0.16194499	26.195091
0.107811	-0.01099752	0.5052721891928977	0.02556716	0.6655135	0.7978608	0.052091576	33.954845
0.107811	-0.01099752	0.4976586547444154	0.02556716	0.6655135	0.7978608	0.0812821	31.275253
0.107811	-0.01099752	0.098020575407142	0.02556716	0.6655135	0.7978608	0.16363008	29.4801
0.107811	-0.01099752	0.03732257435882447	0.02556716	0.6655135	0.7978608	0.16637737	34.473904
0.107811	-0.01099752	0.2572509118241087	0.02556716	0.6655135	0.7978608	0.158011	25.672688
0.107811	-0.01099752	0.298401548952782	0.02556716	0.6655135	0.7978608	0.15718682	25.462814
0.107811	-0.01099752	0.4653466900933357	0.02556716	0.6655135	0.7978608	0.13535164	26.724792
0.107811	-0.01099752	0.3726687345814663	0.02556716	0.6655135	0.7978608	0.15283889	24.953886
0.107811	-0.01099752	0.3610931824020474	0.02556716	0.6655135	0.7978608	0.15371063	24.695904
0.107811	-0.01099752	0.22259779085106496	0.02556716	0.6655135	0.7978608	0.16250183	25.896702
0.107811	-0.01099752	0.2414363955147141	0.02556716	0.6655135	0.7978608	0.16186818	25.416216
0.107811	-0.01099752	0.3698352818211187	0.02556716	0.6655135	0.7978608	0.1508132	25.273943
0.107811	-0.01099752	0.12855601988769144	0.02556716	0.6655135	0.7978608	0.16390479	28.457941
0.107811	-0.01099752	0.027993199669066254	0.02556716	0.6655135	0.7978608	0.16360438	36.035824
0.107811	-0.01099752	0.6128594664594412	0.02556716	0.6655135	0.7978608	0.037853487	NaN
0.107811	-0.01099752	0.28977316173986983	0.02556716	0.6655135	0.7978608	0.16033341	25.0387
0.107811	-0.01099752	0.5290211799764808	0.02556716	0.6655135	0.7978608	0.04247986	NaN
0.107811	-0.01099752	0.17095576842007956	0.02556716	0.6655135	0.7978608	0.16018687	26.889587
0.107811	-0.01099752	0.5699787699360439	0.02556716	0.6655135	0.7978608	0.030018315	NaN
0.107811	-0.01099752	0.5751151850131195	0.02556716	0.6655135	0.7978608	0.056710627	NaN
0.107811	-0.01099752	0.23335507898835015	0.02556716	0.6655135	0.7978608	0.16084246	25.80523
0.107811	-0.01099752	0.40545983300522975	0.02556716	0.6655135	0.7978608	0.15022708	25.175508
0.107811	-0.01099752	0.020865234379317817	0.02556716	0.6655135	0.7978608	0.1665311	36.81762
0.107811	-0.01099752	0.48845709678697646	0.02556716	0.6655135	0.7978608	0.11857875	27.447025
0.107811	-0.01099752	0.46459016886742865	0.02556716	0.6655135	0.7978608	0.09564831	28.151571
0.107811	-0.01099752	0.24418915281331485	0.02556716	0.6655135	0.7978608	0.16075462	25.601175
0.107811	-0.01099752	0.13857328100638974	0.02556716	0.6655135	0.7978608	0.16383512	28.21383
0.107811	-0.01099752	0.1399669412773772	0.02556716	0.6655135	0.7978608	0.16645783	28.160915
0.107811	-0.01099752	0.5208807734566808	0.02556716	0.6655135	0.7978608	0.11273995	31.451172
0.107811	-0.01099752	0.31447456708032717	0.02556716	0.6655135	0.7978608	0.15774357	25.145117
0.107811	-0.01099752	0.293524648689737	0.02556716	0.6655135	0.7978608	0.15508421	24.95898
0.107811	-0.01099752	0.057630066529754734	0.02556716	0.6655135	0.7978608	0.16493769	32.360943
0.107811	-0.01099752	0.018368358934142445	0.02556716	0.6655135	0.7978608	0.1635751	37.561943
0.107811	-0.01099752	0.5517363562839546	0.02556716	0.6655135	0.7978608	0.07203299	NaN
0.107811	-0.01099752	0.5786219867296268	0.02556716	0.6655135	0.7978608	0.027681312	NaN
0.107811	-0.01099752	0.3533750017405437	0.02556716	0.6655135	0.7978608	0.15630029	24.72874
0.107811	-0.01099752	0.09528757297399983	0.02556716	0.6655135	0.7978608	0.16714644	29.5231
0.107811	-0.01099752	0.5213313853185627	0.02556716	0.6655135	0.7978608	0.1050952	28.817654
0.107811	-0.01099752	0.5902696704563958	0.02556716	0.6655135	0.7978608	0.04190843	NaN
0.107811	-0.01099752	0.36987005494143277	0.02556716	0.6655135	0.7978608	0.15167765	24.958141
0.107811	-0.01099752	0.05052066872273679	0.02556716	0.6655135	0.7978608	0.16589384	32.81087
0.107811	-0.01099752	0.4725938094871921	0.02556716	0.6655135	0.7978608	0.12069229	27.334148
0.107811	-0.01099752	0.5775222147196591	0.02556716	0.6655135	0.7978608	0.049219795	NaN
0.107811	-0.01099752	0.36072305064686544	0.02556716	0.6655135	0.7978608	0.15399271	25.17488
0.107811	-0.01099752	0.5910398615350362	0.02556716	0.6655135	0.7978608	0.032780226	NaN
0.107811	-0.01099752	0.21016322845400304	0.02556716	0.6655135	0.7978608	0.1583077	26.153784
0.107811	-0.01099752	0.33777008815363146	0.02556716	0.6655135	0.7978608	0.1572491	25.313406
0.107811	-0.01099752	0.17383090743095983	0.02556716	0.6655135	0.7978608	0.16503668	26.930359
0.107811	-0.01099752	0.3558915715855365	0.02556716	0.6655135	0.7978608	0.15302567	25.110607
0.107811	-0.01099752	0.15234367033810975	0.02556716	0.6655135	0.7978608	0.16396704	27.295216
0.107811	-0.01099752	0.36315300196118544	0.02556716	0.6655135	0.7978608	0.15414286	25.128033
0.107811	-0.01099752	0.30657735121703206	0.02556716	0.6655135	0.7978608	0.15657881	25.488272
0.107811	-0.01099752	0.14863616655625356	0.02556716	0.6655135	0.7978608	0.16361894	27.50299
0.107811	-0.01099752	0.19554594473261241	0.02556716	0.6655135	0.7978608	0.1617143	26.269514
0.107811	-0.01099752	0.5604980366398893	0.02556716	0.6655135	0.7978608	0.049692314	NaN
0.107811	-0.01099752	0.5215260581630847	0.02556716	0.6655135	0.7978608	0.07934802	NaN
0.107811	-0.01099752	0.2975734828270038	0.02556716	0.6655135	0.7978608	0.1586923	25.224041
0.107811	-0.01099752	0.5380231980554556	0.02556716	0.6655135	0.7978608	0.040582433	NaN
0.107811	-0.01099752	0.1224914048695319	0.02556716	0.6655135	0.7978608	0.16529311	28.246435
0.107811	-0.01099752	0.43642847627274195	0.02556716	0.6655135	0.7978608	0.15110987	25.295815
0.107811	-0.01099752	0.4273673730618338	0.02556716	0.6655135	0.7978608	0.09123804	28.986694
0.107811	-0.01099752	0.5091036762315883	0.02556716	0.6655135	0.7978608	0.09207323	28.343529
0.107811	-0.01099752	0.5570341343252613	0.02556716	0.6655135	0.7978608	0.033868123	NaN
0.107811	-0.01099752	0.6009297747352158	0.02556716	0.6655135	0.7978608	0.0443004	NaN
0.107811	-0.01099752	0.4285218812428382	0.02556716	0.6655135	0.7978608	0.112963356	27.987366
0.107811	-0.01099752	0.02214579749884949	0.02556716	0.6655135	0.7978608	0.16360438	36.59013
0.107811	-0.01099752	0.06201867930378881	0.02556716	0.6655135	0.7978608	0.16532968	31.811565
0.107811	-0.01099752	0.32478149370055376	0.02556716	0.6655135	0.7978608	0.1572527	24.834545
0.107811	-0.01099752	0.1717120233522686	0.02556716	0.6655135	0.7978608	0.16106959	27.154757
0.107811	-0.01099752	0.20029902815546133	0.02556716	0.6655135	0.7978608	0.15982777	26.392452
0.107811	-0.01099752	0.12878913619624327	0.02556716	0.6655135	0.7978608	0.16483143	27.991219
0.107811	-0.01099752	0.22762437577758832	0.02556716	0.6655135	0.7978608	0.16341758	25.407383
0.107811	-0.01099752	0.5031260495539507	0.02556716	0.6655135	0.7978608	0.07092308	NaN
0.107811	-0.01099752	0.45835774879504804	0.02556716	0.6655135	0.7978608	0.10290478	27.284027
0.107811	-0.01099752	0.27588606022478707	0.02556716	0.6655135	0.7978608	0.15798528	25.255617
0.107811	-0.01099752	0.12515349853655164	0.02556716	0.6655135	0.7978608	0.16434792	28.197697
0.107811	-0.01099752	0.4942638367385377	0.02556716	0.6655135	0.7978608	0.08844691	43.40543
0.107811	-0.01099752	0.07318757925273148	0.02556716	0.6655135	0.7978608	0.16276558	30.976946
0.107811	-0.01099752	0.15044433663519816	0.02556716	0.6655135	0.7978608	0.16156046	27.6272
0.107811	-0.01099752	0.06199097515939701	0.02556716	0.6655135	0.7978608	0.16499631	31.940763
0.107811	-0.01099752	0.33688820453328844	0.02556716	0.6655135	0.7978608	0.15560801	25.15489
0.107811	-0.01099752	0.32501713117642445	0.02556716	0.6655135	0.7978608	0.1559084	24.929274
0.107811	-0.01099752	0.5567301812756559	0.02556716	0.6655135	0.7978608	0.056120876	NaN
0.107811	-0.01099752	0.43659862042378983	0.02556716	0.6655135	0.7978608	0.11258238	27.935083
0.107811	-0.01099752	0.5412781723154365	0.02556716	0.6655135	0.7978608	0.04340659	NaN
0.107811	-0.01099752	0.14504788333002447	0.02556716	0.6655135	0.7978608	0.15942498	27.295927
0.107811	-0.01099752	0.4810850603231757	0.02556716	0.6655135	0.7978608	0.09138096	28.217932
0.107811	-0.01099752	0.46304287746946676	0.02556716	0.6655135	0.7978608	0.1405202	26.214092
0.107811	-0.01099752	0.4306737433469192	0.02556716	0.6655135	0.7978608	0.12590474	26.780237
0.107811	-0.01099752	0.2185216702665617	0.02556716	0.6655135	0.7978608	0.16226743	26.11604
0.107811	-0.01099752	0.43548329696875815	0.02556716	0.6655135	0.7978608	0.14124908	25.30548
0.107811	-0.01099752	0.5619436944084225	0.02556716	0.6655135	0.7978608	0.047047596	NaN
0.107811	-0.01099752	0.5251408655414082	0.02556716	0.6655135	0.7978608	0.06259706	NaN
0.107811	-0.01099752	0.12143657868593336	0.02556716	0.6655135	0.7978608	0.16504031	28.336243
0.107811	-0.01099752	0.42467316232051067	0.02556716	0.6655135	0.7978608	0.11149818	28.065372
0.107811	-0.01099752	0.04145578157163643	0.02556716	0.6655135	0.7978608	0.16753481	34.247433
0.107811	-0.01099752	0.03327250640910592	0.02556716	0.6655135	0.7978608	0.1651063	35.323635
0.107811	-0.01099752	0.5730477215517338	0.02556716	0.6655135	0.7978608	0.036043983	NaN
0.107811	-0.01099752	0.49380096892915776	0.02556716	0.6655135	0.7978608	0.08972159	29.938404
0.107811	-0.01099752	0.536768090834222	0.02556716	0.6655135	0.7978608	0.08711354	31.867563
0.107811	-0.01099752	0.18008114666107297	0.02556716	0.6655135	0.7978608	0.16236262	26.948103
0.107811	-0.01099752	0.4288847432965652	0.02556716	0.6655135	0.7978608	0.15212084	25.011202
0.107811	-0.01099752	0.43592225164903353	0.02556716	0.6655135	0.7978608	0.118194126	26.143179
0.107811	-0.01099752	0.5781989679505808	0.02556716	0.6655135	0.7978608	0.040256415	NaN
0.107811	-0.01099752	0.16061147182591634	0.02556716	0.6655135	0.7978608	0.16307329	27.299347
0.107811	-0.01099752	0.12843306962222867	0.02556716	0.6655135	0.7978608	0.16047987	27.95022
0.107811	-0.01099752	0.08596877436469026	0.02556716	0.6655135	0.7978608	0.16533698	30.03734
0.107811	-0.01099752	0.34318388918387255	0.02556716	0.6655135	0.7978608	0.15440662	25.027166
0.107811	-0.01099752	0.23519701445561936	0.02556716	0.6655135	0.7978608	0.16275093	25.963722
0.107811	-0.01099752	0.28626412471992346	0.02556716	0.6655135	0.7978608	0.15738462	25.011662
0.107811	-0.01099752	0.2841649112155683	0.02556716	0.6655135	0.7978608	0.1581539	25.034733
0.107811	-0.01099752	0.28794125824430544	0.02556716	0.6655135	0.7978608	0.16008425	25.09005
0.107811	-0.01099752	0.460945667487831	0.02556716	0.6655135	0.7978608	0.121882774	26.942242
0.107811	-0.01099752	0.18446200696943624	0.02556716	0.6655135	0.7978608	0.16165206	26.381407
0.107811	-0.01099752	0.08668036871103685	0.02556716	0.6655135	0.7978608	0.16435894	30.261646
0.107811	-0.01099752	0.17289600446980982	0.02556716	0.6655135	0.7978608	0.1613187	26.877625
0.107811	-0.01099752	0.11059876605111742	0.02556716	0.6655135	0.7978608	0.1642381	28.572798
0.107811	-0.01099752	0.35209573290019536	0.02556716	0.6655135	0.7978608	0.15323083	25.596138
0.107811	-0.01099752	0.5498675127650812	0.02556716	0.6655135	0.7978608	0.073538475	NaN
0.107811	-0.01099752	0.571194835522106	0.02556716	0.6655135	0.7978608	0.05786448	NaN
0.107811	-0.01099752	0.1705650197015133	0.02556716	0.6655135	0.7978608	0.16309887	26.788794
0.107811	-0.01099752	0.444975665314628	0.02556716	0.6655135	0.7978608	0.13181321	25.91094
0.107811	-0.01099752	0.04624372553530949	0.02556716	0.6655135	0.7978608	0.16599263	33.369972
0.107811	-0.01099752	0.30308212775627624	0.02556716	0.6655135	0.7978608	0.15571427	24.835144
0.107811	-0.01099752	0.33947096427415374	0.02556716	0.6655135	0.7978608	0.15146515	25.635809
0.107811	-0.01099752	0.06770248491367262	0.02556716	0.6655135	0.7978608	0.16601463	31.401327
0.107811	-0.01099752	0.5460061056130773	0.02556716	0.6655135	0.7978608	0.06716479	NaN
0.107811	-0.01099752	0.0557789015592598	0.02556716	0.6655135	0.7978608	0.16502565	32.606426
0.107811	-0.01099752	0.22793545671536483	0.02556716	0.6655135	0.7978608	0.15928932	25.893118
0.107811	-0.01099752	0.27447904208294466	0.02556716	0.6655135	0.7978608	0.15881315	25.284046
0.107811	-0.01099752	0.489983165172236	0.02556716	0.6655135	0.7978608	0.067816876	NaN
0.107811	-0.01099752	0.5117315133801815	0.02556716	0.6655135	0.7978608	0.09170331	NaN
0.107811	-0.01099752	0.19566164570426456	0.02556716	0.6655135	0.7978608	0.16350183	26.275555
0.107811	-0.01099752	0.5654972936529974	0.02556716	0.6655135	0.7978608	0.05295971	NaN
0.107811	-0.01099752	0.44769135527699905	0.02556716	0.6655135	0.7978608	0.1471209	25.970057
0.107811	-0.01099752	0.16283399959264616	0.02556716	0.6655135	0.7978608	0.16283515	27.15751
0.107811	-0.01099752	0.1307179092957472	0.02556716	0.6655135	0.7978608	0.16224542	28.011017
0.107811	-0.01099752	0.5609025536769091	0.02556716	0.6655135	0.7978608	0.049479842	NaN
0.107811	-0.01099752	0.046304889964629364	0.02556716	0.6655135	0.7978608	0.1640695	33.643803
0.107811	-0.01099752	0.32217978729550273	0.02556716	0.6655135	0.7978608	0.15506227	25.378044
0.107811	-0.01099752	0.5441531727830762	0.02556716	0.6655135	0.7978608	0.052285723	NaN
0.107811	-0.01099752	0.5361112113619726	0.02556716	0.6655135	0.7978608	0.061340645	NaN
0.107811	-0.01099752	0.4193454590109679	0.02556716	0.6655135	0.7978608	0.13184617	27.002832
0.107811	-0.01099752	0.5416310465144024	0.02556716	0.6655135	0.7978608	0.06987914	41.772827
0.107811	-0.01099752	0.23456957635944012	0.02556716	0.6655135	0.7978608	0.16076188	25.67974
0.107811	-0.01099752	0.31798758073159533	0.02556716	0.6655135	0.7978608	0.15536995	25.263784
0.107811	-0.01099752	0.26056930528807026	0.02556716	0.6655135	0.7978608	0.15968865	25.481157
0.107811	-0.01099752	0.3063895594578652	0.02556716	0.6655135	0.7978608	0.15768495	25.327469
0.107811	-0.01099752	0.2736475223808708	0.02556716	0.6655135	0.7978608	0.15912092	25.470701
0.107811	-0.01099752	0.46731481690010745	0.02556716	0.6655135	0.7978608	0.13867404	26.32502
0.107811	-0.01099752	0.5849782758344233	0.02556716	0.6655135	0.7978608	0.024051283	NaN
0.107811	-0.01099752	0.42981409987029046	0.02556716	0.6655135	0.7978608	0.14654942	26.137442
0.107811	-0.01099752	0.3519741280190736	0.02556716	0.6655135	0.7978608	0.15392306	25.175852
0.107811	-0.01099752	0.48686945054694214	0.02556716	0.6655135	0.7978608	0.09077293	29.05727
0.107811	-0.01099752	0.20646762305907732	0.02556716	0.6655135	0.7978608	0.16216484	26.229805
0.107811	-0.01099752	0.5872304914073236	0.02556716	0.6655135	0.7978608	0.042963378	NaN
0.107811	-0.01099752	0.2664612429841382	0.02556716	0.6655135	0.7978608	0.16000372	25.521997
0.107811	-0.01099752	0.528061934382426	0.02556716	0.6655135	0.7978608	0.06138828	NaN
0.107811	-0.01099752	0.3861710282588576	0.02556716	0.6655135	0.7978608	0.15255311	25.077103
0.107811	-0.01099752	0.3375934345178415	0.02556716	0.6655135	0.7978608	0.15669963	25.557207
0.107811	-0.01099752	0.20052117621600632	0.02556716	0.6655135	0.7978608	0.16067399	26.1078
0.107811	-0.01099752	0.2859140090362694	0.02556716	0.6655135	0.7978608	0.15884623	25.596779
0.107811	-0.01099752	0.11317319251822765	0.02556716	0.6655135	0.7978608	0.16279487	28.922628
0.107811	-0.01099752	0.10132730717780768	0.02556716	0.6655135	0.7978608	0.16232596	29.243788
0.107811	-0.01099752	0.5387653072932939	0.02556716	0.6655135	0.7978608	0.040681332	NaN
0.107811	-0.01099752	0.5436604765874282	0.02556716	0.6655135	0.7978608	0.09227471	28.018135
0.107811	-0.01099752	0.26458239976203135	0.02556716	0.6655135	0.7978608	0.16141026	25.560318
0.107811	-0.01099752	0.423326058126572	0.02556716	0.6655135	0.7978608	0.14974354	25.386354
0.107811	-0.01099752	0.13165192452468827	0.02556716	0.6655135	0.7978608	0.16068128	27.97083
0.107811	-0.01099752	0.08293538536678392	0.02556716	0.6655135	0.7978608	0.16281676	30.577496
0.107811	-0.01099752	0.05780508937596876	0.02556716	0.6655135	0.7978608	0.16425277	32.457775
0.107811	-0.01099752	0.3354994844519845	0.02556716	0.6655135	0.7978608	0.15346149	24.983839
0.107811	-0.01099752	0.568524976758655	0.02556716	0.6655135	0.7978608	0.04602564	NaN
0.107811	-0.01099752	0.3605639233473477	0.02556716	0.6655135	0.7978608	0.1363956	26.14057
0.107811	-0.01099752	0.27574482723357624	0.02556716	0.6655135	0.7978608	0.1574396	25.219744
0.107811	-0.01099752	0.5608779289284755	0.02556716	0.6655135	0.7978608	0.043575104	NaN
0.107811	-0.01099752	0.11652150333816422	0.02556716	0.6655135	0.7978608	0.16421616	28.440866
0.107811	-0.01099752	0.07669141587040078	0.02556716	0.6655135	0.7978608	0.16369236	30.87504
0.107811	-0.01099752	0.5221318112301034	0.02556716	0.6655135	0.7978608	0.09876192	28.038
0.107811	-0.01099752	0.4382669922194883	0.02556716	0.6655135	0.7978608	0.07815751	28.442854
0.107811	-0.01099752	0.2576960190831228	0.02556716	0.6655135	0.7978608	0.1629524	25.096395
0.107811	-0.01099752	0.2623750237998725	0.02556716	0.6655135	0.7978608	0.15175094	25.876701
0.107811	-0.01099752	0.08552002458633307	0.02556716	0.6655135	0.7978608	0.16326372	30.49218
0.107811	-0.01099752	0.5865809073205036	0.02556716	0.6655135	0.7978608	0.034666657	NaN
0.107811	-0.01099752	0.569478127379775	0.02556716	0.6655135	0.7978608	0.030065931	NaN
0.107811	-0.01099752	0.5831927349143888	0.02556716	0.6655135	0.7978608	0.036095243	NaN
0.107811	-0.01099752	0.25328741485641015	0.02556716	0.6655135	0.7978608	0.15943956	25.535456
0.107811	-0.01099752	0.44461035178267183	0.02556716	0.6655135	0.7978608	0.13534072	25.864782
0.107811	-0.01099752	0.33833267334914946	0.02556716	0.6655135	0.7978608	0.15610623	24.839306
0.107811	-0.01099752	0.038465928899848956	0.02556716	0.6655135	0.7978608	0.16481689	34.700207
0.107811	-0.01099752	0.10546500585937651	0.02556716	0.6655135	0.7978608	0.16605134	28.985575
0.107811	-0.01099752	0.5766950009116167	0.02556716	0.6655135	0.7978608	0.026073258	NaN
0.107811	-0.01099752	0.25961263903290427	0.02556716	0.6655135	0.7978608	0.15842122	25.648735
0.107811	-0.01099752	0.18067036771410847	0.02556716	0.6655135	0.7978608	0.15939192	26.790535
0.107811	-0.01099752	0.3478033491913087	0.02556716	0.6655135	0.7978608	0.15671068	24.966518
0.107811	-0.01099752	0.4241917196619924	0.02556716	0.6655135	0.7978608	0.14666303	25.961393
0.107811	-0.01099752	0.577896243723843	0.02556716	0.6655135	0.7978608	0.049216103	NaN
0.107811	-0.01099752	0.30464694618765925	0.02556716	0.6655135	0.7978608	0.15687546	25.059446
0.107811	-0.01099752	0.0398859672737886	0.02556716	0.6655135	0.7978608	0.1662638	34.54152
0.107811	-0.01099752	0.5519212759377253	0.02556716	0.6655135	0.7978608	0.067476206	NaN
0.107811	-0.01099752	0.04036217894755186	0.02556716	0.6655135	0.7978608	0.164696	34.03875
0.107811	-0.01099752	0.2349351275655262	0.02556716	0.6655135	0.7978608	0.16108055	26.132479
0.107811	-0.01099752	0.6084938400823393	0.02556716	0.6655135	0.7978608	0.03552015	NaN
0.107811	-0.01099752	0.47770410084124365	0.02556716	0.6655135	0.7978608	0.10753844	27.501694
0.107811	-0.01099752	0.3487248396665019	0.02556716	0.6655135	0.7978608	0.15402927	25.24461
0.107811	-0.01099752	0.13362589301293432	0.02556716	0.6655135	0.7978608	0.16290475	27.829348
0.107811	-0.01099752	0.35613677190421433	0.02556716	0.6655135	0.7978608	0.15515013	24.86131
0.107811	-0.01099752	0.3686084352606053	0.02556716	0.6655135	0.7978608	0.15581314	24.62924
0.107811	-0.01099752	0.07485129013338761	0.02556716	0.6655135	0.7978608	0.16458976	30.745667
0.107811	-0.01099752	0.24545240282882463	0.02556716	0.6655135	0.7978608	0.16069967	25.935179
0.107811	-0.01099752	0.42551659626084015	0.02556716	0.6655135	0.7978608	0.14288282	26.008247
0.107811	-0.01099752	0.5992548419518984	0.02556716	0.6655135	0.7978608	0.029300366	NaN
0.107811	-0.01099752	0.21986404740805449	0.02556716	0.6655135	0.7978608	0.15994878	26.257486
0.107811	-0.01099752	0.349995670410148	0.02556716	0.6655135	0.7978608	0.1539671	25.664564
0.107811	-0.01099752	0.22474195719996057	0.02556716	0.6655135	0.7978608	0.1597692	25.936104
0.107811	-0.01099752	0.10193089455250334	0.02556716	0.6655135	0.7978608	0.16432606	29.270462
0.107811	-0.01099752	0.19568698066449464	0.02556716	0.6655135	0.7978608	0.1624432	26.382704
0.107811	-0.01099752	0.10663555038006159	0.02556716	0.6655135	0.7978608	0.16588643	28.92088
0.107811	-0.01099752	0.22720316031843094	0.02556716	0.6655135	0.7978608	0.16005498	26.247475
0.107811	-0.01099752	0.17996718817385646	0.02556716	0.6655135	0.7978608	0.1622308	26.591913
0.107811	-0.01099752	0.3518057738934077	0.02556716	0.6655135	0.7978608	0.15469967	24.92635
0.107811	-0.01099752	0.18636504876212637	0.02556716	0.6655135	0.7978608	0.16290845	26.575043
0.107811	-0.01099752	0.16709814131283193	0.02556716	0.6655135	0.7978608	0.1620476	27.034077
0.107811	-0.01099752	0.16612729820411984	0.02556716	0.6655135	0.7978608	0.1604945	26.863443
0.107811	-0.01099752	0.46712551267625657	0.02556716	0.6655135	0.7978608	0.11060438	27.32565
0.107811	-0.01099752	0.08580847495227296	0.02556716	0.6655135	0.7978608	0.16819413	30.402012
0.107811	-0.01099752	0.30353002309453264	0.02556716	0.6655135	0.7978608	0.15623811	25.528187
0.107811	-0.01099752	0.1085462593617883	0.02556716	0.6655135	0.7978608	0.16389018	28.69724
0.107811	-0.01099752	0.10764015316800814	0.02556716	0.6655135	0.7978608	0.16584253	28.704103
0.107811	-0.01099752	0.5932106648794048	0.02556716	0.6655135	0.7978608	0.039978027	NaN
0.107811	-0.01099752	0.23113688699466436	0.02556716	0.6655135	0.7978608	0.16111349	26.200962
0.107811	-0.01099752	0.5683448478792933	0.02556716	0.6655135	0.7978608	0.044989023	NaN
0.107811	-0.01099752	0.38062804589711546	0.02556716	0.6655135	0.7978608	0.15817219	24.698334
0.107811	-0.01099752	0.37553269963610647	0.02556716	0.6655135	0.7978608	0.15320885	24.977892
0.107811	-0.01099752	0.014773076303687186	0.02556716	0.6655135	0.7978608	0.16535169	37.657867
0.107811	-0.01099752	0.27704477049597376	0.02556716	0.6655135	0.7978608	0.15986814	25.050179
0.107811	-0.01099752	0.41647313243480044	0.02556716	0.6655135	0.7978608	0.14849451	25.613964
0.107811	-0.01099752	0.38451152405088374	0.02556716	0.6655135	0.7978608	0.14934798	25.327509
0.107811	-0.01099752	0.4181486327121132	0.02556716	0.6655135	0.7978608	0.1509671	25.48431
0.107811	-0.01099752	0.05573256128925615	0.02556716	0.6655135	0.7978608	0.16611351	32.326958
0.107811	-0.01099752	0.11284965374470739	0.02556716	0.6655135	0.7978608	0.16391575	28.889593
0.107811	-0.01099752	0.4119848079845996	0.02556716	0.6655135	0.7978608	0.11769597	27.552053
0.107811	-0.01099752	0.5493432811864004	0.02556716	0.6655135	0.7978608	0.04534798	NaN
0.107811	-0.01099752	0.5970587182764632	0.02556716	0.6655135	0.7978608	0.037069593	NaN
0.107811	-0.01099752	0.27745013297471127	0.02556716	0.6655135	0.7978608	0.15668502	25.72354
0.107811	-0.01099752	0.026297623027291342	0.02556716	0.6655135	0.7978608	0.16525277	36.21302
0.107811	-0.01099752	0.5422775181455977	0.02556716	0.6655135	0.7978608	0.04707692	NaN
0.107811	-0.01099752	0.3076338219648186	0.02556716	0.6655135	0.7978608	0.15663002	25.065952
0.107811	-0.01099752	0.15670312738603584	0.02556716	0.6655135	0.7978608	0.1648205	27.235664
0.107811	-0.01099752	0.11998983488663469	0.02556716	0.6655135	0.7978608	0.16401827	28.576958
0.107811	-0.01099752	0.6123603130749018	0.02556716	0.6655135	0.7978608	0.025073264	NaN
0.107811	-0.01099752	0.4549636384851523	0.02556716	0.6655135	0.7978608	0.1402674	26.070456
0.107811	-0.01099752	0.1479380798901299	0.02556716	0.6655135	0.7978608	0.16067396	27.475956
0.107811	-0.01099752	0.1589065996378667	0.02556716	0.6655135	0.7978608	0.16275457	27.395782
0.107811	-0.01099752	0.49058170781003185	0.02556716	0.6655135	0.7978608	0.09138462	28.779306
0.107811	-0.01099752	0.4840706775247579	0.02556716	0.6655135	0.7978608	0.13853115	26.372463
0.107811	-0.01099752	0.02834511599104507	0.02556716	0.6655135	0.7978608	0.16658239	35.624683
0.107811	-0.01099752	0.5501994536614249	0.02556716	0.6655135	0.7978608	0.038380954	NaN
0.107811	-0.01099752	0.02248314681447948	0.02556716	0.6655135	0.7978608	0.1673773	36.91699
0.107811	-0.01099752	0.16775992224423442	0.02556716	0.6655135	0.7978608	0.16278026	27.025751
0.107811	-0.01099752	0.27218726496655393	0.02556716	0.6655135	0.7978608	0.15739928	25.209763
0.107811	-0.01099752	0.2698452836801686	0.02556716	0.6655135	0.7978608	0.1582637	25.650724
0.107811	-0.01099752	0.18554451809373493	0.02556716	0.6655135	0.7978608	0.16150549	26.50934
0.107811	-0.01099752	0.30753464270504227	0.02556716	0.6655135	0.7978608	0.16102569	24.860844
0.107811	-0.01099752	0.5393173703245064	0.02556716	0.6655135	0.7978608	0.12409525	28.803982
0.107811	-0.01099752	0.3137156209030914	0.02556716	0.6655135	0.7978608	0.15648355	25.210932
0.107811	-0.01099752	0.29564340300637815	0.02556716	0.6655135	0.7978608	0.16026744	24.965294
0.107811	-0.01099752	0.27687001976043746	0.02556716	0.6655135	0.7978608	0.157685	25.086542
0.107811	-0.01099752	0.33289858626282487	0.02556716	0.6655135	0.7978608	0.15727474	25.04833
0.107811	-0.01099752	0.0565005704188955	0.02556716	0.6655135	0.7978608	0.16421619	32.85433
0.107811	-0.01099752	0.5208417830492073	0.02556716	0.6655135	0.7978608	0.12198532	27.726698
0.107811	-0.01099752	0.32129525110600105	0.02556716	0.6655135	0.7978608	0.15739559	25.063295
0.107811	-0.01099752	0.34063445005054693	0.02556716	0.6655135	0.7978608	0.1493883	25.602541
0.107811	-0.01099752	0.12227733383381252	0.02556716	0.6655135	0.7978608	0.16260077	28.195759
0.107811	-0.01099752	0.5331067404872311	0.02556716	0.6655135	0.7978608	0.09762272	28.63234
0.107811	-0.01099752	0.12108048738934982	0.02556716	0.6655135	0.7978608	0.16125646	28.721018
0.107811	-0.01099752	0.2955389596230747	0.02556716	0.6655135	0.7978608	0.158282	25.118177
0.107811	-0.01099752	0.11118362986281907	0.02556716	0.6655135	0.7978608	0.16162634	29.03221
0.107811	-0.01099752	0.02858872360866103	0.02556716	0.6655135	0.7978608	0.16640659	35.859062
0.107811	-0.01099752	0.23532531783199673	0.02556716	0.6655135	0.7978608	0.16032603	25.920883
0.107811	-0.01099752	0.6182852858595482	0.02556716	0.6655135	0.7978608	0.030527478	NaN
0.107811	-0.01099752	0.025790209949352827	0.02556716	0.6655135	0.7978608	0.16849089	36.210415
0.107811	-0.01099752	0.4108179209209361	0.02556716	0.6655135	0.7978608	0.15110624	25.193592
0.107811	-0.01099752	0.3103849833425278	0.02556716	0.6655135	0.7978608	0.15771063	25.419783
0.107811	-0.01099752	0.043417060658181184	0.02556716	0.6655135	0.7978608	0.16635166	33.726448
0.107811	-0.01099752	0.5299112610107555	0.02556716	0.6655135	0.7978608	0.046021998	NaN
0.107811	-0.01099752	0.362392978126607	0.02556716	0.6655135	0.7978608	0.1549341	24.947212
0.107811	-0.01099752	0.05732695870202517	0.02556716	0.6655135	0.7978608	0.16689743	32.423115
0.107811	-0.01099752	0.4683484876897005	0.02556716	0.6655135	0.7978608	0.13847616	26.282516
0.107811	-0.01099752	0.14076238573516017	0.02556716	0.6655135	0.7978608	0.1636044	27.597881
0.107811	-0.01099752	0.4088631271023284	0.02556716	0.6655135	0.7978608	0.14380956	25.790335
0.107811	-0.01099752	0.5458645918365038	0.02556716	0.6655135	0.7978608	0.05172162	NaN
0.107811	-0.01099752	0.3995594420408024	0.02556716	0.6655135	0.7978608	0.15196337	24.981285
0.107811	-0.01099752	0.4385352629140684	0.02556716	0.6655135	0.7978608	0.12041027	26.658012
0.107811	-0.01099752	0.511807881490998	0.02556716	0.6655135	0.7978608	0.09346151	30.65595
0.107811	-0.01099752	0.3762950528687184	0.02556716	0.6655135	0.7978608	0.14961176	24.985727
0.107811	-0.01099752	0.16320753147454906	0.02556716	0.6655135	0.7978608	0.16154213	26.673592
0.107811	-0.01099752	0.06330452999756828	0.02556716	0.6655135	0.7978608	0.16775826	31.945362
0.107811	-0.01099752	0.4761274000758596	0.02556716	0.6655135	0.7978608	0.11474725	26.56254
0.107811	-0.01099752	0.1335588667671201	0.02556716	0.6655135	0.7978608	0.16354577	27.869442
0.107811	-0.01099752	0.407202115559746	0.02556716	0.6655135	0.7978608	0.14905125	25.442867
0.107811	-0.01099752	0.3696424633426879	0.02556716	0.6655135	0.7978608	0.15353115	25.209917
0.107811	-0.01099752	0.40528274549340615	0.02556716	0.6655135	0.7978608	0.14853838	25.664167
0.107811	-0.01099752	0.13497523654388352	0.02556716	0.6655135	0.7978608	0.16119781	27.920057
0.107811	-0.01099752	0.5923708660378653	0.02556716	0.6655135	0.7978608	0.045769237	NaN
0.107811	-0.01099752	0.18748754532157777	0.02556716	0.6655135	0.7978608	0.16023077	26.68519
0.107811	-0.01099752	0.2941450006334503	0.02556716	0.6655135	0.7978608	0.15566671	25.155455
0.107811	-0.01099752	0.21023409657881797	0.02556716	0.6655135	0.7978608	0.16249824	26.109161
0.107811	-0.01099752	0.4318858767700029	0.02556716	0.6655135	0.7978608	0.14880216	25.441298
0.107811	-0.01099752	0.48777979114140846	0.02556716	0.6655135	0.7978608	0.102545746	28.07921
0.107811	-0.01099752	0.17833073430776375	0.02556716	0.6655135	0.7978608	0.15845786	26.656267
0.107811	-0.01099752	0.07217480666382159	0.02556716	0.6655135	0.7978608	0.16582046	31.224714
0.107811	-0.01099752	0.03511082152002844	0.02556716	0.6655135	0.7978608	0.16366303	35.248535
0.107811	-0.01099752	0.42562637716457113	0.02556716	0.6655135	0.7978608	0.13219413	26.390026
0.107811	-0.01099752	0.21484508216524267	0.02556716	0.6655135	0.7978608	0.15660441	26.130583
0.107811	-0.01099752	0.18637276926734286	0.02556716	0.6655135	0.7978608	0.16084617	26.782154
0.107811	-0.01099752	0.20166526619792535	0.02556716	0.6655135	0.7978608	0.16073623	26.376062
0.107811	-0.01099752	0.5342675278516255	0.02556716	0.6655135	0.7978608	0.08709155	29.006767
0.107811	-0.01099752	0.3155605089405532	0.02556716	0.6655135	0.7978608	0.15486814	25.30887
0.107811	-0.01099752	0.17522681144379787	0.02556716	0.6655135	0.7978608	0.164	26.871058
0.107811	-0.01099752	0.47837945714163	0.02556716	0.6655135	0.7978608	0.09632598	31.190197
0.107811	-0.01099752	0.4600160079130541	0.02556716	0.6655135	0.7978608	0.12428202	26.872513
0.107811	-0.01099752	0.2808851766117933	0.02556716	0.6655135	0.7978608	0.15732232	25.37955
0.107811	-0.01099752	0.44945528813834273	0.02556716	0.6655135	0.7978608	0.14373992	26.047153
0.107811	-0.01099752	0.4396872480553993	0.02556716	0.6655135	0.7978608	0.14967398	25.625313
0.107811	-0.01099752	0.24446027503432624	0.02556716	0.6655135	0.7978608	0.15764104	26.148664
0.107811	-0.01099752	0.15099201053715947	0.02556716	0.6655135	0.7978608	0.1621722	27.501017
0.107811	-0.01099752	0.23229816533330208	0.02556716	0.6655135	0.7978608	0.16023806	25.695713
0.107811	-0.01099752	0.10144033490030976	0.02556716	0.6655135	0.7978608	0.16312815	28.972847
0.107811	-0.01099752	0.3547068779803926	0.02556716	0.6655135	0.7978608	0.15489009	25.2046
0.107811	-0.01099752	0.3411152759777139	0.02556716	0.6655135	0.7978608	0.15592676	25.404926
0.107811	-0.01099752	0.5008390585819253	0.02556716	0.6655135	0.7978608	0.059754606	NaN
0.107811	-0.01099752	0.5376680431402984	0.02556716	0.6655135	0.7978608	0.042505514	NaN
0.107811	-0.01099752	0.35341361349299577	0.02556716	0.6655135	0.7978608	0.15559703	24.950193
0.107811	-0.01099752	0.23821284635661152	0.02556716	0.6655135	0.7978608	0.15850547	25.854866
0.107811	-0.01099752	0.6092553871919822	0.02556716	0.6655135	0.7978608	0.0267326	NaN
0.107811	-0.01099752	0.1949469420691649	0.02556716	0.6655135	0.7978608	0.16070701	26.377344
0.107811	-0.01099752	0.5073621255119083	0.02556716	0.6655135	0.7978608	0.09711359	30.255651
0.107811	-0.01099752	0.18441916913559148	0.02556716	0.6655135	0.7978608	0.16393039	26.533781
0.107811	-0.01099752	0.025643964889593272	0.02556716	0.6655135	0.7978608	0.16942129	36.34309
0.107811	-0.01099752	0.015791927775025392	0.02556716	0.6655135	0.7978608	0.1653297	37.837124
0.107811	-0.01099752	0.2166186509068534	0.02556716	0.6655135	0.7978608	0.16401103	26.223635
0.107811	-0.01099752	0.3194908861305231	0.02556716	0.6655135	0.7978608	0.1565165	25.150509
0.107811	-0.01099752	0.5272576578762844	0.02556716	0.6655135	0.7978608	0.05821613	NaN
0.107811	-0.01099752	0.409709562633909	0.02556716	0.6655135	0.7978608	0.14659704	25.384247
0.107811	-0.01099752	0.07269474545369453	0.02556716	0.6655135	0.7978608	0.16940667	30.836271
0.107811	-0.01099752	0.5841000042352311	0.02556716	0.6655135	0.7978608	0.02458242	NaN
0.107811	-0.01099752	0.2475410972990257	0.02556716	0.6655135	0.7978608	0.15872163	25.675758
0.107811	-0.01099752	0.15540084900159956	0.02556716	0.6655135	0.7978608	0.16115017	27.120218
0.107811	-0.01099752	0.34035430038271597	0.02556716	0.6655135	0.7978608	0.15635167	25.310152
0.107811	-0.01099752	0.5257750919949556	0.02556716	0.6655135	0.7978608	0.05784617	NaN
0.107811	-0.01099752	0.3560253297470457	0.02556716	0.6655135	0.7978608	0.15310985	24.951946
0.107811	-0.01099752	0.6068246361725962	0.02556716	0.6655135	0.7978608	0.032978024	NaN
0.107811	-0.01099752	0.4102970730926856	0.02556716	0.6655135	0.7978608	0.14918685	25.6482
0.107811	-0.01099752	0.23821655761946425	0.02556716	0.6655135	0.7978608	0.15919054	25.500437
0.107811	-0.01099752	0.042689109065823856	0.02556716	0.6655135	0.7978608	0.16601458	33.564175
0.107811	-0.01099752	0.5248342633713712	0.02556716	0.6655135	0.7978608	0.04516118	NaN
0.107811	-0.01099752	0.09301401109882251	0.02556716	0.6655135	0.7978608	0.16635893	29.592287
0.107811	-0.01099752	0.2628970602092589	0.02556716	0.6655135	0.7978608	0.16058245	25.356554
0.107811	-0.01099752	0.04947007907624916	0.02556716	0.6655135	0.7978608	0.1653736	32.961292
0.107811	-0.01099752	0.4703243157619478	0.02556716	0.6655135	0.7978608	0.08991208	28.015974
0.107811	-0.01099752	0.2690178612282816	0.02556716	0.6655135	0.7978608	0.16021249	25.352833
0.107811	-0.01099752	0.09991485908725416	0.02556716	0.6655135	0.7978608	0.16592674	29.495668
0.107811	-0.01099752	0.21898778422199724	0.02556716	0.6655135	0.7978608	0.15993768	26.194017
0.107811	-0.01099752	0.41577390059497193	0.02556716	0.6655135	0.7978608	0.14495975	25.924646
0.107811	-0.01099752	0.40651092444687237	0.02556716	0.6655135	0.7978608	0.14714648	25.584997
0.107811	-0.01099752	0.29553010859937534	0.02556716	0.6655135	0.7978608	0.15836997	25.266434
0.107811	-0.01099752	0.541545972392385	0.02556716	0.6655135	0.7978608	0.04306592	NaN
0.107811	-0.01099752	0.311390950571033	0.02556716	0.6655135	0.7978608	0.15734057	24.692583
0.107811	-0.01099752	0.46839895156933836	0.02556716	0.6655135	0.7978608	0.1314468	26.742413
0.107811	-0.01099752	0.08710563807177069	0.02556716	0.6655135	0.7978608	0.16698898	29.844025
0.107811	-0.01099752	0.43883645729111015	0.02556716	0.6655135	0.7978608	0.13585353	26.73184
0.107811	-0.01099752	0.21336393472767032	0.02556716	0.6655135	0.7978608	0.1601942	26.378345
0.107811	-0.01099752	0.22456422649656135	0.02556716	0.6655135	0.7978608	0.16186447	25.726625
0.107811	-0.01099752	0.36384256676725296	0.02556716	0.6655135	0.7978608	0.15236263	24.964344
0.107811	-0.01099752	0.5319179096370792	0.02556716	0.6655135	0.7978608	0.059216116	NaN
0.107811	-0.01099752	0.5864209641028365	0.02556716	0.6655135	0.7978608	0.040604386	NaN
0.107811	-0.01099752	0.24566478694821328	0.02556716	0.6655135	0.7978608	0.1601758	25.259628
0.107811	-0.01099752	0.574264491621316	0.02556716	0.6655135	0.7978608	0.040813167	NaN
0.107811	-0.01099752	0.07119146873738436	0.02556716	0.6655135	0.7978608	0.16532236	31.29201
0.107811	-0.01099752	0.2981182339558785	0.02556716	0.6655135	0.7978608	0.15606597	25.108362
0.107811	-0.01099752	0.4448109392909106	0.02556716	0.6655135	0.7978608	0.14298171	25.744158
0.107811	-0.01099752	0.5705992984901291	0.02556716	0.6655135	0.7978608	0.04323445	NaN
0.107811	-0.01099752	0.022968981482068586	0.02556716	0.6655135	0.7978608	0.16582417	37.118946
0.107811	-0.01099752	0.22596409436796716	0.02556716	0.6655135	0.7978608	0.1590733	25.967756
0.107811	-0.01099752	0.3025797048710775	0.02556716	0.6655135	0.7978608	0.15729664	25.288763
0.107811	-0.01099752	0.016831718276465107	0.02556716	0.6655135	0.7978608	0.16684255	37.632324
0.107811	-0.01099752	0.4762747380421793	0.02556716	0.6655135	0.7978608	0.08663737	30.535582
0.107811	-0.01099752	0.07565520325604305	0.02556716	0.6655135	0.7978608	0.16832605	30.570145
0.107811	-0.01099752	0.17370566172207555	0.02556716	0.6655135	0.7978608	0.15998167	26.506716
0.107811	-0.01099752	0.38820222619439787	0.02556716	0.6655135	0.7978608	0.15233701	25.381046
0.107811	-0.01099752	0.311546107494804	0.02556716	0.6655135	0.7978608	0.15621981	25.524132
0.107811	-0.01099752	0.0812356082726471	0.02556716	0.6655135	0.7978608	0.1666373	30.574306
0.107811	-0.01099752	0.4759712287963303	0.02556716	0.6655135	0.7978608	0.1015861	27.180319
0.107811	-0.01099752	0.2022569461387536	0.02556716	0.6655135	0.7978608	0.16103299	26.093307
0.107811	-0.01099752	0.31952543506763015	0.02556716	0.6655135	0.7978608	0.155	25.722311
0.107811	-0.01099752	0.4875772399445121	0.02556716	0.6655135	0.7978608	0.12080223	28.412361
0.107811	-0.01099752	0.555706335488191	0.02556716	0.6655135	0.7978608	0.04152014	NaN
0.107811	-0.01099752	0.19140491089263906	0.02556716	0.6655135	0.7978608	0.16237731	26.416689
0.107811	-0.01099752	0.5892657074391336	0.02556716	0.6655135	0.7978608	0.046300393	NaN
0.107811	-0.01099752	0.3775280686502006	0.02556716	0.6655135	0.7978608	0.15282416	25.4143
0.107811	-0.01099752	0.09928607369550953	0.02556716	0.6655135	0.7978608	0.16499636	29.419603
0.107811	-0.01099752	0.48210856209127845	0.02556716	0.6655135	0.7978608	0.14344692	25.529852
0.107811	-0.01099752	0.5015273986086002	0.02556716	0.6655135	0.7978608	0.07507694	NaN
0.107811	-0.01099752	0.1801923674367632	0.02556716	0.6655135	0.7978608	0.16314287	26.673914
0.107811	-0.01099752	0.08697629583378698	0.02556716	0.6655135	0.7978608	0.16479848	30.487661
0.107811	-0.01099752	0.07392457864093156	0.02556716	0.6655135	0.7978608	0.16691205	30.929714
0.107811	-0.01099752	0.5439807769130696	0.02556716	0.6655135	0.7978608	0.05157146	NaN
0.107811	-0.01099752	0.6015955276889823	0.02556716	0.6655135	0.7978608	0.041051295	NaN
0.107811	-0.01099752	0.1866767048571468	0.02556716	0.6655135	0.7978608	0.16347627	26.752962
0.107811	-0.01099752	0.0520633096938455	0.02556716	0.6655135	0.7978608	0.16684978	32.949505
0.107811	-0.01099752	0.3044478782790058	0.02556716	0.6655135	0.7978608	0.15368128	25.319925
0.107811	-0.01099752	0.4979162807757538	0.02556716	0.6655135	0.7978608	0.0869817	29.634958
0.107811	-0.01099752	0.6129410509782738	0.02556716	0.6655135	0.7978608	0.040974375	NaN
0.107811	-0.01099752	0.5517757069796276	0.02556716	0.6655135	0.7978608	0.041978035	NaN
0.107811	-0.01099752	0.33181806856293744	0.02556716	0.6655135	0.7978608	0.15849453	25.010962
0.107811	-0.01099752	0.102571764413264	0.02556716	0.6655135	0.7978608	0.16305125	29.193443
0.107811	-0.01099752	0.058534136288107566	0.02556716	0.6655135	0.7978608	0.1645055	32.195465
0.107811	-0.01099752	0.2360740220895266	0.02556716	0.6655135	0.7978608	0.1608425	26.064768
0.107811	-0.01099752	0.43298774481805097	0.02556716	0.6655135	0.7978608	0.13663366	25.69821
0.107811	-0.01099752	0.08781760084383532	0.02556716	0.6655135	0.7978608	0.16283152	30.263674
0.107811	-0.01099752	0.3471600093115259	0.02556716	0.6655135	0.7978608	0.15443955	25.215107
0.107811	-0.01099752	0.21445933081865037	0.02556716	0.6655135	0.7978608	0.15978026	25.987171
0.107811	-0.01099752	0.3454382011230644	0.02556716	0.6655135	0.7978608	0.15441391	25.086327
0.107811	-0.01099752	0.2607254805935259	0.02556716	0.6655135	0.7978608	0.15539199	26.066044
0.107811	-0.01099752	0.5651294920373906	0.02556716	0.6655135	0.7978608	0.048454206	NaN
0.107811	-0.01099752	0.09411285293153711	0.02556716	0.6655135	0.7978608	0.16447984	29.913345
0.107811	-0.01099752	0.3056839765584858	0.02556716	0.6655135	0.7978608	0.15913555	25.143667
0.107811	-0.01099752	0.03744990171595097	0.02556716	0.6655135	0.7978608	0.16899632	35.082874
0.107811	-0.01099752	0.07779995763756092	0.02556716	0.6655135	0.7978608	0.16384624	30.71807
0.107811	-0.01099752	0.07631591212845067	0.02556716	0.6655135	0.7978608	0.16671072	30.934893
0.107811	-0.01099752	0.3265190923084825	0.02556716	0.6655135	0.7978608	0.15945786	25.10758
0.107811	-0.01099752	0.14248697032325164	0.02556716	0.6655135	0.7978608	0.16181688	27.92674
0.107811	-0.01099752	0.16615304978918755	0.02556716	0.6655135	0.7978608	0.15999639	27.158981
0.107811	-0.01099752	0.028097985208462767	0.02556716	0.6655135	0.7978608	0.16710252	35.842
0.107811	-0.01099752	0.12508116123250224	0.02556716	0.6655135	0.7978608	0.16372524	28.470587
0.107811	-0.01099752	0.029522214676586403	0.02556716	0.6655135	0.7978608	0.1667436	35.9134
0.107811	-0.01099752	0.4137246946079692	0.02556716	0.6655135	0.7978608	0.13922714	25.98786
0.107811	-0.01099752	0.2989410019997262	0.02556716	0.6655135	0.7978608	0.15827842	24.916712
0.107811	-0.01099752	0.5510262520490694	0.02556716	0.6655135	0.7978608	0.066022016	NaN
0.107811	-0.01099752	0.12703557935998888	0.02556716	0.6655135	0.7978608	0.16440666	27.97296
0.107811	-0.01099752	0.5664753216462388	0.02556716	0.6655135	0.7978608	0.032538455	NaN
0.107811	-0.01099752	0.34427435840813614	0.02556716	0.6655135	0.7978608	0.15528204	25.205727
0.107811	-0.01099752	0.23209601913606384	0.02556716	0.6655135	0.7978608	0.16220878	25.659224
0.107811	-0.01099752	0.07442494939337532	0.02556716	0.6655135	0.7978608	0.16417955	30.829838
0.107811	-0.01099752	0.18221495631645684	0.02556716	0.6655135	0.7978608	0.16070329	26.256727
0.107811	-0.01099752	0.551525634221216	0.02556716	0.6655135	0.7978608	0.059065945	NaN
0.107811	-0.01099752	0.09160846299056327	0.02556716	0.6655135	0.7978608	0.16575465	29.77046
0.107811	-0.01099752	0.2733985670483597	0.02556716	0.6655135	0.7978608	0.15943219	25.340559
0.107811	-0.01099752	0.5931488779091164	0.02556716	0.6655135	0.7978608	0.05107692	NaN
0.107811	-0.01099752	0.05642161646680374	0.02556716	0.6655135	0.7978608	0.16607326	32.724308
0.107811	-0.01099752	0.0945004614662645	0.02556716	0.6655135	0.7978608	0.16415748	29.673256
0.107811	-0.01099752	0.11768426666778622	0.02556716	0.6655135	0.7978608	0.1652271	28.485847
0.107811	-0.01099752	0.18357287742345713	0.02556716	0.6655135	0.7978608	0.16259342	26.545637
0.107811	-0.01099752	0.2818986563700609	0.02556716	0.6655135	0.7978608	0.15819776	25.228172
0.107811	-0.01099752	0.0351657906607991	0.02556716	0.6655135	0.7978608	0.1665458	34.85629
0.107811	-0.01099752	0.3405807636560642	0.02556716	0.6655135	0.7978608	0.15747254	24.885752
0.107811	-0.01099752	0.16345911842341926	0.02556716	0.6655135	0.7978608	0.15874355	27.402554
0.107811	-0.01099752	0.15407537632037846	0.02556716	0.6655135	0.7978608	0.16271433	27.15693
0.107811	-0.01099752	0.036725131174116285	0.02556716	0.6655135	0.7978608	0.16449083	34.81518
0.107811	-0.01099752	0.2698403498638216	0.02556716	0.6655135	0.7978608	0.15657873	25.368664
0.107811	-0.01099752	0.3021365758293241	0.02556716	0.6655135	0.7978608	0.15664104	25.20827
0.107811	-0.01099752	0.16907646985819996	0.02556716	0.6655135	0.7978608	0.16115746	26.620132
0.107811	-0.01099752	0.29880185334412035	0.02556716	0.6655135	0.7978608	0.1556557	25.50363
0.107811	-0.01099752	0.043196966838521075	0.02556716	0.6655135	0.7978608	0.16654938	33.91485
0.107811	-0.01099752	0.601812719869126	0.02556716	0.6655135	0.7978608	0.03505495	NaN
0.107811	-0.01099752	0.5658626601279257	0.02556716	0.6655135	0.7978608	0.043179497	NaN
0.107811	-0.01099752	0.4881386287005	0.02556716	0.6655135	0.7978608	0.09027107	28.743338
0.107811	-0.01099752	0.31694961255267323	0.02556716	0.6655135	0.7978608	0.15035167	25.571491
0.107811	-0.01099752	0.5400859719709057	0.02556716	0.6655135	0.7978608	0.04583151	NaN
0.107811	-0.01099752	0.1213650526351367	0.02556716	0.6655135	0.7978608	0.16371799	28.237036
0.107811	-0.01099752	0.042582799274141284	0.02556716	0.6655135	0.7978608	0.1633223	33.979614
0.107811	-0.01099752	0.09399945791822274	0.02556716	0.6655135	0.7978608	0.16638467	29.505238
0.107811	-0.01099752	0.43696178752890535	0.02556716	0.6655135	0.7978608	0.08357147	30.171412
0.107811	-0.01099752	0.1916212316076798	0.02556716	0.6655135	0.7978608	0.1613004	26.677576
0.107811	-0.01099752	0.3424507897138858	0.02556716	0.6655135	0.7978608	0.1557839	25.198652
0.107811	-0.01099752	0.35047388496054327	0.02556716	0.6655135	0.7978608	0.15615018	24.59879
0.107811	-0.01099752	0.3346922894384024	0.02556716	0.6655135	0.7978608	0.15697439	24.709229
0.107811	-0.01099752	0.24030336758660306	0.02556716	0.6655135	0.7978608	0.15926369	25.986822
0.107811	-0.01099752	0.31837119931729885	0.02556716	0.6655135	0.7978608	0.15653849	25.259413
0.107811	-0.01099752	0.49539713064729646	0.02556716	0.6655135	0.7978608	0.10328206	29.972218
0.107811	-0.01099752	0.5022354249722598	0.02556716	0.6655135	0.7978608	0.12726378	27.380436
0.107811	-0.01099752	0.44110313963033515	0.02556716	0.6655135	0.7978608	0.12365937	27.412548
0.107811	-0.01099752	0.4130945960451452	0.02556716	0.6655135	0.7978608	0.14881319	25.564613
0.107811	-0.01099752	0.26602409488706297	0.02556716	0.6655135	0.7978608	0.15747982	25.315668
0.107811	-0.01099752	0.3642652094581121	0.02556716	0.6655135	0.7978608	0.15301098	25.618885
0.107811	-0.01099752	0.41740378970594927	0.02556716	0.6655135	0.7978608	0.1478974	25.466063
0.107811	-0.01099752	0.47559884128657054	0.02556716	0.6655135	0.7978608	0.13905497	26.147892
0.107811	-0.01099752	0.569198999598182	0.02556716	0.6655135	0.7978608	0.041197825	NaN
0.107811	-0.01099752	0.20436114567857958	0.02556716	0.6655135	0.7978608	0.15926741	26.331846
0.107811	-0.01099752	0.1462655313804242	0.02556716	0.6655135	0.7978608	0.16232604	27.620731
0.107811	-0.01099752	0.5520706733968956	0.02556716	0.6655135	0.7978608	0.054054953	NaN
0.107811	-0.01099752	0.2726323263050224	0.02556716	0.6655135	0.7978608	0.15776916	25.308409
0.107811	-0.01099752	0.2947183443179681	0.02556716	0.6655135	0.7978608	0.15678398	25.588114
0.107811	-0.01099752	0.44031655126216784	0.02556716	0.6655135	0.7978608	0.12671793	26.391508
0.107811	-0.01099752	0.5942322865011523	0.02556716	0.6655135	0.7978608	0.038336996	NaN
0.107811	-0.01099752	0.5186973221725197	0.02556716	0.6655135	0.7978608	0.07397434	30.516157
0.107811	-0.01099752	0.29810170913802464	0.02556716	0.6655135	0.7978608	0.15749452	24.846085
0.107811	-0.01099752	0.15668630593636365	0.02556716	0.6655135	0.7978608	0.16149813	27.263655
0.107811	-0.01099752	0.3549494337559841	0.02556716	0.6655135	0.7978608	0.15297446	24.866793
0.107811	-0.01099752	0.46493075637147213	0.02556716	0.6655135	0.7978608	0.074241765	NaN
0.107811	-0.01099752	0.609846847093586	0.02556716	0.6655135	0.7978608	0.03407692	NaN
0.107811	-0.01099752	0.21321441407656305	0.02556716	0.6655135	0.7978608	0.16254583	25.897745
0.107811	-0.01099752	0.5570628514647565	0.02556716	0.6655135	0.7978608	0.0397619	NaN
0.107811	-0.01099752	0.22790991491433316	0.02556716	0.6655135	0.7978608	0.16087174	26.035568
0.107811	-0.01099752	0.39341670024148884	0.02556716	0.6655135	0.7978608	0.14622343	25.460636
0.107811	-0.01099752	0.3356237139958914	0.02556716	0.6655135	0.7978608	0.15449826	25.137075
0.107811	-0.01099752	0.19810631227092887	0.02556716	0.6655135	0.7978608	0.16206962	26.399033
0.107811	-0.01099752	0.08535708775127328	0.02556716	0.6655135	0.7978608	0.16355678	29.929234
0.107811	-0.01099752	0.46268396267712925	0.02556716	0.6655135	0.7978608	0.14467764	25.171703
0.107811	-0.01099752	0.4534704913986899	0.02556716	0.6655135	0.7978608	0.14500366	25.535067
0.107811	-0.01099752	0.45880505131351107	0.02556716	0.6655135	0.7978608	0.10204763	28.465649
0.107811	-0.01099752	0.24158052068620708	0.02556716	0.6655135	0.7978608	0.16364469	25.496344
0.107811	-0.01099752	0.17124765706717615	0.02556716	0.6655135	0.7978608	0.16488644	26.84651
0.107811	-0.01099752	0.2993096297853646	0.02556716	0.6655135	0.7978608	0.1552601	25.204397
0.107811	-0.01099752	0.11154262283256314	0.02556716	0.6655135	0.7978608	0.16420877	28.565388
0.107811	-0.01099752	0.2840702446889969	0.02556716	0.6655135	0.7978608	0.15948349	25.47419
0.107811	-0.01099752	0.5997629586391177	0.02556716	0.6655135	0.7978608	0.029256416	NaN
0.107811	-0.01099752	0.13740662397985026	0.02556716	0.6655135	0.7978608	0.16169235	28.131716
0.107811	-0.01099752	0.5369050550630494	0.02556716	0.6655135	0.7978608	0.06590114	32.261852
0.107811	-0.01099752	0.3278460931552791	0.02556716	0.6655135	0.7978608	0.15599638	25.18878
0.107811	-0.01099752	0.10740592594964066	0.02556716	0.6655135	0.7978608	0.16173984	28.82529
0.107811	-0.01099752	0.24798114499364954	0.02556716	0.6655135	0.7978608	0.15767026	25.867771
0.107811	-0.01099752	0.20031546234349287	0.02556716	0.6655135	0.7978608	0.16066666	26.254744
0.107811	-0.01099752	0.4018181167379876	0.02556716	0.6655135	0.7978608	0.14773254	25.851295
0.107811	-0.01099752	0.5694537655884077	0.02556716	0.6655135	0.7978608	0.034362666	NaN
0.107811	-0.01099752	0.44742003734849184	0.02556716	0.6655135	0.7978608	0.14012821	25.6707
0.107811	-0.01099752	0.17205947646270797	0.02556716	0.6655135	0.7978608	0.16318676	27.072973
0.107811	-0.01099752	0.26425880689300074	0.02556716	0.6655135	0.7978608	0.16194873	25.430155
0.107811	-0.01099752	0.07878421594656082	0.02556716	0.6655135	0.7978608	0.16704027	30.252682
0.107811	-0.01099752	0.20607590555725194	0.02556716	0.6655135	0.7978608	0.16185714	25.887306
0.107811	-0.01099752	0.42084034449870183	0.02556716	0.6655135	0.7978608	0.13638096	26.407902
0.107811	-0.01099752	0.367854160602199	0.02556716	0.6655135	0.7978608	0.15257151	25.325737
0.107811	-0.01099752	0.17493332354076147	0.02556716	0.6655135	0.7978608	0.16412817	26.929611
0.107811	-0.01099752	0.28556600815251554	0.02556716	0.6655135	0.7978608	0.16005132	25.091816
0.107811	-0.01099752	0.5044730355490508	0.02556716	0.6655135	0.7978608	0.117827885	26.075043
0.107811	-0.01099752	0.369447480707892	0.02556716	0.6655135	0.7978608	0.1550402	24.885826
0.107811	-0.01099752	0.435784181938147	0.02556716	0.6655135	0.7978608	0.14427836	25.211916
0.107811	-0.01099752	0.38122282620004794	0.02556716	0.6655135	0.7978608	0.15257148	25.226019
0.107811	-0.01099752	0.0930710621649597	0.02556716	0.6655135	0.7978608	0.16340657	29.605816
0.107811	-0.01099752	0.14687703045844802	0.02556716	0.6655135	0.7978608	0.16300364	27.18269
0.107811	-0.01099752	0.13826413236517524	0.02556716	0.6655135	0.7978608	0.16279845	27.555943
0.107811	-0.01099752	0.07285290580013509	0.02556716	0.6655135	0.7978608	0.16748355	31.036856
0.107811	-0.01099752	0.21779895602824115	0.02556716	0.6655135	0.7978608	0.16138461	25.727737
0.107811	-0.01099752	0.059979481193643894	0.02556716	0.6655135	0.7978608	0.16409889	31.975515
0.107811	-0.01099752	0.5831621678509511	0.02556716	0.6655135	0.7978608	0.040527474	NaN
0.107811	-0.01099752	0.05072103654652353	0.02556716	0.6655135	0.7978608	0.165989	33.11884
0.107811	-0.01099752	0.10430395536574404	0.02556716	0.6655135	0.7978608	0.16350174	28.89187
0.107811	-0.01099752	0.042676887838199354	0.02556716	0.6655135	0.7978608	0.16864096	34.17381
0.107811	-0.01099752	0.12261874413998815	0.02556716	0.6655135	0.7978608	0.16473983	28.299923
0.107811	-0.01099752	0.41388100776254066	0.02556716	0.6655135	0.7978608	0.15034434	25.157341
0.107811	-0.01099752	0.24449012073641424	0.02556716	0.6655135	0.7978608	0.16084982	25.666327
0.107811	-0.01099752	0.13329903752770117	0.02556716	0.6655135	0.7978608	0.16361181	28.122076
0.107811	-0.01099752	0.5619177986174729	0.02556716	0.6655135	0.7978608	0.03316849	NaN
0.107811	-0.01099752	0.4113359433628325	0.02556716	0.6655135	0.7978608	0.1433077	25.969015
0.107811	-0.01099752	0.6128413683238615	0.02556716	0.6655135	0.7978608	0.05949818	NaN
0.107811	-0.01099752	0.36523270136193076	0.02556716	0.6655135	0.7978608	0.14773993	25.818054
0.107811	-0.01099752	0.2868243631937839	0.02556716	0.6655135	0.7978608	0.15665935	25.149986
0.107811	-0.01099752	0.5325605301070944	0.02556716	0.6655135	0.7978608	0.058227118	NaN
0.107811	-0.01099752	0.58337821731531	0.02556716	0.6655135	0.7978608	0.049435906	NaN
0.107811	-0.01099752	0.08935504525144183	0.02556716	0.6655135	0.7978608	0.16399266	29.917206
0.107811	-0.01099752	0.37151690131617965	0.02556716	0.6655135	0.7978608	0.15393041	25.636337
0.107811	-0.01099752	0.016692031148525483	0.02556716	0.6655135	0.7978608	0.16561541	37.702465
0.107811	-0.01099752	0.5392799250118328	0.02556716	0.6655135	0.7978608	0.042816862	NaN
0.107811	-0.01099752	0.3311035030406615	0.02556716	0.6655135	0.7978608	0.1515019	25.19171
0.107811	-0.01099752	0.581424887149383	0.02556716	0.6655135	0.7978608	0.030809524	NaN
0.107811	-0.01099752	0.32445568656167806	0.02556716	0.6655135	0.7978608	0.15482782	24.92403
0.107811	-0.01099752	0.4395468557288155	0.02556716	0.6655135	0.7978608	0.13476562	26.521788
0.107811	-0.01099752	0.12963452305934756	0.02556716	0.6655135	0.7978608	0.16375817	28.005878
0.107811	-0.01099752	0.40469774028771227	0.02556716	0.6655135	0.7978608	0.13472894	26.02559
0.107811	-0.01099752	0.051612472092086956	0.02556716	0.6655135	0.7978608	0.1656447	33.243237
0.107811	-0.01099752	0.4380718368620815	0.02556716	0.6655135	0.7978608	0.14749083	25.734444
0.107811	-0.01099752	0.4591633867747764	0.02556716	0.6655135	0.7978608	0.14441031	25.751766
0.107811	-0.01099752	0.022594068985206012	0.02556716	0.6655135	0.7978608	0.1635274	36.7878
0.107811	-0.01099752	0.32961237565921675	0.02556716	0.6655135	0.7978608	0.1526887	25.686802
0.107811	-0.01099752	0.32576654983227316	0.02556716	0.6655135	0.7978608	0.15633696	25.353731
0.107811	-0.01099752	0.0549469972107621	0.02556716	0.6655135	0.7978608	0.16431503	32.60963
0.107811	-0.01099752	0.4603491428562733	0.02556716	0.6655135	0.7978608	0.12830769	27.17865
0.107811	-0.01099752	0.49491530753853835	0.02556716	0.6655135	0.7978608	0.05675825	NaN
0.107811	-0.01099752	0.19449565854582612	0.02556716	0.6655135	0.7978608	0.1627619	26.555317
0.107811	-0.01099752	0.15293138556487457	0.02556716	0.6655135	0.7978608	0.16269232	27.51482
0.107811	-0.01099752	0.14915372752238137	0.02556716	0.6655135	0.7978608	0.16456045	27.575294
0.107811	-0.01099752	0.1393973873924833	0.02556716	0.6655135	0.7978608	0.16364841	27.876104
0.107811	-0.01099752	0.06964216579261476	0.02556716	0.6655135	0.7978608	0.166348	31.542488
0.107811	-0.01099752	0.15701436125805632	0.02556716	0.6655135	0.7978608	0.16435161	27.283697
0.107811	-0.01099752	0.4037990299537252	0.02556716	0.6655135	0.7978608	0.14441392	25.743496
0.107811	-0.01099752	0.4821757771940692	0.02556716	0.6655135	0.7978608	0.11531499	27.378067
0.107811	-0.01099752	0.10663301068453668	0.02556716	0.6655135	0.7978608	0.16378753	29.122887
0.107811	-0.01099752	0.48685135299017557	0.02556716	0.6655135	0.7978608	0.10869599	27.169096
0.107811	-0.01099752	0.05640125615202386	0.02556716	0.6655135	0.7978608	0.16449447	32.383656
0.107811	-0.01099752	0.1430846973321517	0.02556716	0.6655135	0.7978608	0.16231133	27.622906
0.107811	-0.01099752	0.15015369937132256	0.02556716	0.6655135	0.7978608	0.1648828	27.235924
0.107811	-0.01099752	0.2630516735598346	0.02556716	0.6655135	0.7978608	0.16136263	25.601913
0.107811	-0.01099752	0.24291237169130167	0.02556716	0.6655135	0.7978608	0.16189739	25.263395
0.107811	-0.01099752	0.5800583641258763	0.02556716	0.6655135	0.7978608	0.03700732	NaN
0.107811	-0.01099752	0.12950646283424408	0.02556716	0.6655135	0.7978608	0.16440654	28.04277
0.107811	-0.01099752	0.555754307339725	0.02556716	0.6655135	0.7978608	0.058663007	NaN
0.107811	-0.01099752	0.23716487908156536	0.02556716	0.6655135	0.7978608	0.15972893	25.81629
0.107811	-0.01099752	0.1607685788655051	0.02556716	0.6655135	0.7978608	0.1631392	26.994478
0.107811	-0.01099752	0.6106519970132422	0.02556716	0.6655135	0.7978608	0.029025637	NaN
0.107811	-0.01099752	0.5138393454848237	0.02556716	0.6655135	0.7978608	0.07307696	NaN
0.107811	-0.01099752	0.568961640156757	0.02556716	0.6655135	0.7978608	0.053926744	NaN
0.107811	-0.01099752	0.5945265064211573	0.02556716	0.6655135	0.7978608	0.026505487	NaN
0.107811	-0.01099752	0.08567008969663709	0.02556716	0.6655135	0.7978608	0.16262642	29.863993
0.107811	-0.01099752	0.13105515320316893	0.02556716	0.6655135	0.7978608	0.16250548	27.86623
0.107811	-0.01099752	0.5034152733185088	0.02556716	0.6655135	0.7978608	0.12234066	27.101925
0.107811	-0.01099752	0.1712495358972291	0.02556716	0.6655135	0.7978608	0.16207321	27.11068
0.107811	-0.01099752	0.42832818796507205	0.02556716	0.6655135	0.7978608	0.14563002	25.423046
0.107811	-0.01099752	0.33738324005726955	0.02556716	0.6655135	0.7978608	0.15401468	25.32339
0.107811	-0.01099752	0.22193643816024772	0.02556716	0.6655135	0.7978608	0.15797804	26.141634
0.107811	-0.01099752	0.014768140445917625	0.02556716	0.6655135	0.7978608	0.16415387	37.816723
0.107811	-0.01099752	0.1630697629992772	0.02556716	0.6655135	0.7978608	0.16193774	26.92743
0.107811	-0.01099752	0.31493543160021276	0.02556716	0.6655135	0.7978608	0.15776561	25.131477
0.107811	-0.01099752	0.43443887337632536	0.02556716	0.6655135	0.7978608	0.11334066	26.389606
0.107811	-0.01099752	0.013491988391014282	0.02556716	0.6655135	0.7978608	0.16798902	38.10555
0.107811	-0.01099752	0.37163156563326866	0.02556716	0.6655135	0.7978608	0.15231137	25.494757
0.107811	-0.01099752	0.1073952676398487	0.02556716	0.6655135	0.7978608	0.16363734	29.280441
0.107811	-0.01099752	0.3078468182264801	0.02556716	0.6655135	0.7978608	0.15575457	25.457039
0.107811	-0.01099752	0.470450122751915	0.02556716	0.6655135	0.7978608	0.11291207	26.586868
0.107811	-0.01099752	0.5666241611009104	0.02556716	0.6655135	0.7978608	0.03456411	NaN
0.107811	-0.01099752	0.09343476380458265	0.02556716	0.6655135	0.7978608	0.16335905	29.831703
0.107811	-0.01099752	0.04424424532480719	0.02556716	0.6655135	0.7978608	0.1653883	33.625263
0.107811	-0.01099752	0.5441021384544176	0.02556716	0.6655135	0.7978608	0.0339707	NaN
0.107811	-0.01099752	0.41213357116592486	0.02556716	0.6655135	0.7978608	0.106446855	26.711235
0.107811	-0.01099752	0.4341372105498827	0.02556716	0.6655135	0.7978608	0.1333993	25.544626
0.107811	-0.01099752	0.21998752853671075	0.02556716	0.6655135	0.7978608	0.1619634	25.883667
0.107811	-0.01099752	0.0382243438271488	0.02556716	0.6655135	0.7978608	0.16569225	34.444096
0.107811	-0.01099752	0.5530762431287338	0.02556716	0.6655135	0.7978608	0.03318683	NaN
0.107811	-0.01099752	0.1689044007143039	0.02556716	0.6655135	0.7978608	0.1638169	26.82018
0.107811	-0.01099752	0.32979348016185756	0.02556716	0.6655135	0.7978608	0.15399633	25.650349
0.107811	-0.01099752	0.4032279795455625	0.02556716	0.6655135	0.7978608	0.125978	26.314983
0.107811	-0.01099752	0.47761792128398045	0.02556716	0.6655135	0.7978608	0.1190916	26.80841
0.107811	-0.01099752	0.2448414503617968	0.02556716	0.6655135	0.7978608	0.15753852	25.69677
0.107811	-0.01099752	0.5470227601927299	0.02556716	0.6655135	0.7978608	0.042087913	NaN
0.107811	-0.01099752	0.28176518664814204	0.02556716	0.6655135	0.7978608	0.1588938	25.060614
0.107811	-0.01099752	0.2592279395037387	0.02556716	0.6655135	0.7978608	0.15910263	25.394983
0.107811	-0.01099752	0.15922453701419217	0.02556716	0.6655135	0.7978608	0.16332603	27.350313
0.107811	-0.01099752	0.4839978594386679	0.02556716	0.6655135	0.7978608	0.13954213	26.049397
0.107811	-0.01099752	0.2615646719904038	0.02556716	0.6655135	0.7978608	0.16130763	25.596605
0.107811	-0.01099752	0.15655630314646496	0.02556716	0.6655135	0.7978608	0.16316849	27.138506
0.107811	-0.01099752	0.41477254333277835	0.02556716	0.6655135	0.7978608	0.14739928	25.435585
0.107811	-0.01099752	0.03441284465138191	0.02556716	0.6655135	0.7978608	0.16861536	34.972862
0.107811	-0.01099752	0.4128103928803741	0.02556716	0.6655135	0.7978608	0.15215383	24.951038
0.107811	-0.01099752	0.4036243094766108	0.02556716	0.6655135	0.7978608	0.14876196	25.862766
0.107811	-0.01099752	0.24132804260587126	0.02556716	0.6655135	0.7978608	0.15948357	25.410685
0.107811	-0.01099752	0.21948285735453274	0.02556716	0.6655135	0.7978608	0.15798172	26.076715
0.107811	-0.01099752	0.5222755074637357	0.02556716	0.6655135	0.7978608	0.09209525	32.023834
0.107811	-0.01099752	0.385444582090756	0.02556716	0.6655135	0.7978608	0.155707	24.822687
0.107811	-0.01099752	0.4751573131908546	0.02556716	0.6655135	0.7978608	0.12197441	27.091343
0.107811	-0.01099752	0.5733097461999977	0.02556716	0.6655135	0.7978608	0.04710257	NaN
0.107811	-0.01099752	0.36621744836350595	0.02556716	0.6655135	0.7978608	0.15405127	25.04518
0.107811	-0.01099752	0.5456026949616966	0.02556716	0.6655135	0.7978608	0.03772527	NaN
0.107811	-0.01099752	0.29338052159836886	0.02556716	0.6655135	0.7978608	0.15921608	25.184683
0.107811	-0.01099752	0.04922112010828612	0.02556716	0.6655135	0.7978608	0.16304761	33.07339
0.107811	-0.01099752	0.4126714616578521	0.02556716	0.6655135	0.7978608	0.15182053	25.16646
0.107811	-0.01099752	0.6087834759305092	0.02556716	0.6655135	0.7978608	0.031179493	NaN
0.107811	-0.01099752	0.30853110151052077	0.02556716	0.6655135	0.7978608	0.15506223	25.451965
0.107811	-0.01099752	0.41649469171326486	0.02556716	0.6655135	0.7978608	0.150066	25.292814
0.107811	-0.01099752	0.20167192815914187	0.02556716	0.6655135	0.7978608	0.16053478	26.28249
0.107811	-0.01099752	0.3720079619150174	0.02556716	0.6655135	0.7978608	0.14657506	25.555809
0.107811	-0.01099752	0.040389373903215724	0.02556716	0.6655135	0.7978608	0.1681429	34.287197
0.107811	-0.01099752	0.39726886136159373	0.02556716	0.6655135	0.7978608	0.1522601	25.026451
0.107811	-0.01099752	0.4937317637019642	0.02556716	0.6655135	0.7978608	0.09839193	28.479439
0.107811	-0.01099752	0.19848358437004968	0.02556716	0.6655135	0.7978608	0.16227463	26.113718
0.107811	-0.01099752	0.11303290498973473	0.02556716	0.6655135	0.7978608	0.16547984	28.601425
0.107811	-0.01099752	0.19736268777373628	0.02556716	0.6655135	0.7978608	0.16027106	26.109825
0.107811	-0.01099752	0.3591441999547048	0.02556716	0.6655135	0.7978608	0.15327105	24.86087
0.107811	-0.01099752	0.15182729083800364	0.02556716	0.6655135	0.7978608	0.16416119	27.150196
0.107811	-0.01099752	0.22454031867994778	0.02556716	0.6655135	0.7978608	0.16075091	25.346725
0.107811	-0.01099752	0.5642956212091093	0.02556716	0.6655135	0.7978608	0.054750916	NaN
0.107811	-0.01099752	0.46803623953657564	0.02556716	0.6655135	0.7978608	0.14326003	25.92698
0.107811	-0.01099752	0.3486762206098565	0.02556716	0.6655135	0.7978608	0.15557511	25.272272
0.107811	-0.01099752	0.5501406353396882	0.02556716	0.6655135	0.7978608	0.042523813	NaN
0.107811	-0.01099752	0.43697320871810746	0.02556716	0.6655135	0.7978608	0.15219058	24.996332
0.107811	-0.01099752	0.1767874840814608	0.02556716	0.6655135	0.7978608	0.16048722	27.164827
0.107811	-0.01099752	0.28538353994708915	0.02556716	0.6655135	0.7978608	0.1579011	25.301878
0.107811	-0.01099752	0.12644234183287106	0.02556716	0.6655135	0.7978608	0.16417217	28.12694
0.107811	-0.01099752	0.541518477161678	0.02556716	0.6655135	0.7978608	0.062443204	NaN
0.107811	-0.01099752	0.06949707134709004	0.02556716	0.6655135	0.7978608	0.16488278	31.372688
0.107811	-0.01099752	0.39008043128251113	0.02556716	0.6655135	0.7978608	0.14016484	26.00274
0.107811	-0.01099752	0.29521986130102496	0.02556716	0.6655135	0.7978608	0.1580147	24.837694
0.107811	-0.01099752	0.2725426824247499	0.02556716	0.6655135	0.7978608	0.15937732	24.889189
0.107811	-0.01099752	0.10710601026187574	0.02556716	0.6655135	0.7978608	0.16523445	29.23061
0.107811	-0.01099752	0.02618130890047534	0.02556716	0.6655135	0.7978608	0.1665714	36.840347
0.107811	-0.01099752	0.24299263201681146	0.02556716	0.6655135	0.7978608	0.16023073	25.87984
0.107811	-0.01099752	0.3366040305727829	0.02556716	0.6655135	0.7978608	0.15411353	25.326836
0.107811	-0.01099752	0.06494410006099582	0.02556716	0.6655135	0.7978608	0.16420881	31.663773
0.107811	-0.01099752	0.188358636856369	0.02556716	0.6655135	0.7978608	0.16081683	26.814535
0.107811	-0.01099752	0.4781469751059444	0.02556716	0.6655135	0.7978608	0.12815018	27.224974
0.107811	-0.01099752	0.02235121678112488	0.02556716	0.6655135	0.7978608	0.1684579	36.638943
0.107811	-0.01099752	0.496424246775726	0.02556716	0.6655135	0.7978608	0.097325996	29.508831
0.107811	-0.01099752	0.4515280873949039	0.02556716	0.6655135	0.7978608	0.07945791	30.056223
0.107811	-0.01099752	0.2985590704702302	0.02556716	0.6655135	0.7978608	0.15846887	24.92108
0.107811	-0.01099752	0.10805975459499555	0.02556716	0.6655135	0.7978608	0.16512452	28.974518
0.107811	-0.01099752	0.5490735973774282	0.02556716	0.6655135	0.7978608	0.0319011	NaN
0.107811	-0.01099752	0.45023573732472166	0.02556716	0.6655135	0.7978608	0.14108789	26.07663
0.107811	-0.01099752	0.2082159189350433	0.02556716	0.6655135	0.7978608	0.1596923	26.148886
0.107811	-0.01099752	0.0545236162151784	0.02556716	0.6655135	0.7978608	0.16482054	32.63247
0.107811	-0.01099752	0.24311035570131567	0.02556716	0.6655135	0.7978608	0.15843584	25.819286
0.107811	-0.01099752	0.5523250120100258	0.02556716	0.6655135	0.7978608	0.054205123	NaN
0.107811	-0.01099752	0.4864593172629146	0.02556716	0.6655135	0.7978608	0.08981318	31.849047
0.107811	-0.01099752	0.315340374653271	0.02556716	0.6655135	0.7978608	0.15622714	25.196083
0.107811	-0.01099752	0.5297629395452798	0.02556716	0.6655135	0.7978608	0.07763366	29.21021
0.107811	-0.01099752	0.18247110317274248	0.02556716	0.6655135	0.7978608	0.16053846	26.537271
0.107811	-0.01099752	0.24335935500993963	0.02556716	0.6655135	0.7978608	0.1589158	25.551954
0.107811	-0.01099752	0.0892110544960592	0.02556716	0.6655135	0.7978608	0.16224545	29.967339
0.107811	-0.01099752	0.6189276363800519	0.02556716	0.6655135	0.7978608	0.037582416	NaN
0.107811	-0.01099752	0.3025629826209427	0.02556716	0.6655135	0.7978608	0.15431869	25.21552
0.107811	-0.01099752	0.05527445476290212	0.02556716	0.6655135	0.7978608	0.16719778	32.31234
0.107811	-0.01099752	0.03170701023966129	0.02556716	0.6655135	0.7978608	0.1668022	35.58342
0.107811	-0.01099752	0.5289229242960303	0.02556716	0.6655135	0.7978608	0.069443226	NaN
0.107811	-0.01099752	0.39337406344772186	0.02556716	0.6655135	0.7978608	0.14616844	25.82379
0.107811	-0.01099752	0.5124474193842561	0.02556716	0.6655135	0.7978608	0.057915766	NaN
0.107811	-0.01099752	0.18604687436066766	0.02556716	0.6655135	0.7978608	0.16019773	26.862516
0.107811	-0.01099752	0.30305152430190074	0.02556716	0.6655135	0.7978608	0.1567692	24.971624
0.107811	-0.01099752	0.4876509579408884	0.02556716	0.6655135	0.7978608	0.11732966	27.138802
0.107811	-0.01099752	0.22824388958824318	0.02556716	0.6655135	0.7978608	0.16238825	25.419188
0.107811	-0.01099752	0.1998347535300051	0.02556716	0.6655135	0.7978608	0.16258244	25.953043
0.107811	-0.01099752	0.38236931070411007	0.02556716	0.6655135	0.7978608	0.15267038	25.29571
0.107811	-0.01099752	0.25678787932882746	0.02556716	0.6655135	0.7978608	0.15991946	25.81925
0.107811	-0.01099752	0.37210343786218064	0.02556716	0.6655135	0.7978608	0.15609525	25.157784
0.107811	-0.01099752	0.5794541867794057	0.02556716	0.6655135	0.7978608	0.04757876	NaN
0.107811	-0.01099752	0.5441119662383689	0.02556716	0.6655135	0.7978608	0.062468868	NaN
0.107811	-0.01099752	0.12694771380878653	0.02556716	0.6655135	0.7978608	0.16482416	27.974274
0.107811	-0.01099752	0.4207958603070911	0.02556716	0.6655135	0.7978608	0.14874725	25.438196
0.107811	-0.01099752	0.5869718438270264	0.02556716	0.6655135	0.7978608	0.028190477	NaN
0.107811	-0.01099752	0.3250118029066616	0.02556716	0.6655135	0.7978608	0.15483515	25.17614
0.107811	-0.01099752	0.5835379112062724	0.02556716	0.6655135	0.7978608	0.043172173	NaN
0.107811	-0.01099752	0.33196386877009987	0.02556716	0.6655135	0.7978608	0.15469234	25.164791
0.107811	-0.01099752	0.09912485326070335	0.02556716	0.6655135	0.7978608	0.16427475	29.23849
0.107811	-0.01099752	0.13867182597746663	0.02556716	0.6655135	0.7978608	0.16382787	27.763607
0.107811	-0.01099752	0.3530044869011693	0.02556716	0.6655135	0.7978608	0.15491213	25.108818
0.107811	-0.01099752	0.4997653573635499	0.02556716	0.6655135	0.7978608	0.07568131	NaN
0.107811	-0.01099752	0.5516646560482079	0.02556716	0.6655135	0.7978608	0.05113918	NaN
0.107811	-0.01099752	0.27103940640835855	0.02556716	0.6655135	0.7978608	0.15691945	25.69679
0.107811	-0.01099752	0.5173583888385382	0.02556716	0.6655135	0.7978608	0.08638458	28.715506
0.107811	-0.01099752	0.49883618953972275	0.02556716	0.6655135	0.7978608	0.06494507	NaN
0.107811	-0.01099752	0.3343041000428732	0.02556716	0.6655135	0.7978608	0.15593776	25.560925
0.107811	-0.01099752	0.05023361822058413	0.02556716	0.6655135	0.7978608	0.16552384	33.13497
0.107811	-0.01099752	0.13443874825589736	0.02556716	0.6655135	0.7978608	0.16409159	27.630459
0.107811	-0.01099752	0.16972956047306043	0.02556716	0.6655135	0.7978608	0.16195239	26.701513
0.107811	-0.01099752	0.5574433931608274	0.02556716	0.6655135	0.7978608	0.030714285	NaN
0.107811	-0.01099752	0.2259168546364336	0.02556716	0.6655135	0.7978608	0.1638242	25.655247
0.107811	-0.01099752	0.1799176623976807	0.02556716	0.6655135	0.7978608	0.16268864	26.511837
0.107811	-0.01099752	0.22898713314979618	0.02556716	0.6655135	0.7978608	0.16321611	25.648447
0.107811	-0.01099752	0.4365708902906795	0.02556716	0.6655135	0.7978608	0.14799267	25.587486
0.107811	-0.01099752	0.08338241145456703	0.02556716	0.6655135	0.7978608	0.16499625	30.04547
0.107811	-0.01099752	0.2777167233772353	0.02556716	0.6655135	0.7978608	0.1576154	24.999557
0.107811	-0.01099752	0.05142090517658024	0.02556716	0.6655135	0.7978608	0.16620149	33.22081
0.107811	-0.01099752	0.3086750872413568	0.02556716	0.6655135	0.7978608	0.15697433	25.128574
0.107811	-0.01099752	0.07188955913449341	0.02556716	0.6655135	0.7978608	0.16786076	31.051476
0.107811	-0.01099752	0.3314399845948673	0.02556716	0.6655135	0.7978608	0.15753125	25.084536
0.107811	-0.01099752	0.6001413625811759	0.02556716	0.6655135	0.7978608	0.043725263	NaN
0.107811	-0.01099752	0.3216263798784567	0.02556716	0.6655135	0.7978608	0.15715383	24.751043
0.107811	-0.01099752	0.47020871159819316	0.02556716	0.6655135	0.7978608	0.10158979	27.241138
0.107811	-0.01099752	0.1860323363019868	0.02556716	0.6655135	0.7978608	0.16107327	26.31435
0.107811	-0.01099752	0.08130985220128092	0.02556716	0.6655135	0.7978608	0.16360435	30.4709
0.107811	-0.01099752	0.4400351403832174	0.02556716	0.6655135	0.7978608	0.12079856	26.848768
0.107811	-0.01099752	0.1492581647266951	0.02556716	0.6655135	0.7978608	0.16282414	27.210995
0.107811	-0.01099752	0.5638443228685869	0.02556716	0.6655135	0.7978608	0.0524945	NaN
0.107811	-0.01099752	0.5614376438221408	0.02556716	0.6655135	0.7978608	0.050025646	NaN
0.107811	-0.01099752	0.4967995318300117	0.02556716	0.6655135	0.7978608	0.115630016	28.355133
0.107811	-0.01099752	0.17385418840874786	0.02556716	0.6655135	0.7978608	0.16574721	26.612276
0.107811	-0.01099752	0.47854157945887266	0.02556716	0.6655135	0.7978608	0.07720881	30.085014
0.107811	-0.01099752	0.10022832999540876	0.02556716	0.6655135	0.7978608	0.16263372	29.319546
0.107811	-0.01099752	0.3027853320006015	0.02556716	0.6655135	0.7978608	0.15808429	25.593586
0.107811	-0.01099752	0.5722090696488914	0.02556716	0.6655135	0.7978608	0.035908435	NaN
0.107811	-0.01099752	0.11806234038081528	0.02556716	0.6655135	0.7978608	0.16301094	28.40648
0.107811	-0.01099752	0.18644342191228847	0.02556716	0.6655135	0.7978608	0.16181687	26.658962
0.107811	-0.01099752	0.22050958479729116	0.02556716	0.6655135	0.7978608	0.15923806	26.0206
0.107811	-0.01099752	0.22266183527548708	0.02556716	0.6655135	0.7978608	0.15978022	25.991146
0.107811	-0.01099752	0.4918018467754529	0.02556716	0.6655135	0.7978608	0.13217217	27.001738
0.107811	-0.01099752	0.38050160081832063	0.02556716	0.6655135	0.7978608	0.15330039	25.364592
0.107811	-0.01099752	0.29386339285439705	0.02556716	0.6655135	0.7978608	0.15597798	25.126678
0.107811	-0.01099752	0.39855114232736977	0.02556716	0.6655135	0.7978608	0.15205492	25.39145
0.107811	-0.01099752	0.11625901181131588	0.02556716	0.6655135	0.7978608	0.16604394	28.562874
0.107811	-0.01099752	0.3729208109109496	0.02556716	0.6655135	0.7978608	0.15396704	25.099964
0.107811	-0.01099752	0.09213180862833782	0.02556716	0.6655135	0.7978608	0.16375458	29.811148
0.107811	-0.01099752	0.5477546830640827	0.02556716	0.6655135	0.7978608	0.06982419	30.445826
0.107811	-0.01099752	0.43465644540594495	0.02556716	0.6655135	0.7978608	0.14562277	25.907253
0.107811	-0.01099752	0.5983325176358218	0.02556716	0.6655135	0.7978608	0.04719047	NaN
0.107811	-0.01099752	0.362239703943986	0.02556716	0.6655135	0.7978608	0.15369597	24.763208
0.107811	-0.01099752	0.34745062360544565	0.02556716	0.6655135	0.7978608	0.15683518	24.636564
0.107811	-0.01099752	0.09291848040120036	0.02556716	0.6655135	0.7978608	0.16394874	29.463984
0.107811	-0.01099752	0.6009238873410893	0.02556716	0.6655135	0.7978608	0.043021984	NaN
0.107811	-0.01099752	0.17662818372812583	0.02556716	0.6655135	0.7978608	0.16116485	26.807121
0.107811	-0.01099752	0.1520786631525612	0.02556716	0.6655135	0.7978608	0.16140664	27.150011
0.107811	-0.01099752	0.5504327002675226	0.02556716	0.6655135	0.7978608	0.043007318	NaN
0.107811	-0.01099752	0.15038960796254552	0.02556716	0.6655135	0.7978608	0.16313559	27.224665
0.107811	-0.01099752	0.41234913343401736	0.02556716	0.6655135	0.7978608	0.14916125	25.29761
0.107811	-0.01099752	0.18845752702042742	0.02556716	0.6655135	0.7978608	0.16149084	26.755566
0.107811	-0.01099752	0.034861210090961714	0.02556716	0.6655135	0.7978608	0.16647258	35.039143
0.107811	-0.01099752	0.14719268445346337	0.02556716	0.6655135	0.7978608	0.16077656	27.720682
0.107811	-0.01099752	0.06530026885885615	0.02556716	0.6655135	0.7978608	0.16582793	31.375862
0.107811	-0.01099752	0.29143348024823096	0.02556716	0.6655135	0.7978608	0.15977296	25.37323
0.107811	-0.01099752	0.090745371970274	0.02556716	0.6655135	0.7978608	0.1651063	30.08393
0.107811	-0.01099752	0.44171878210135823	0.02556716	0.6655135	0.7978608	0.13144326	26.447725
0.107811	-0.01099752	0.6001801756698519	0.02556716	0.6655135	0.7978608	0.046340674	NaN
0.107811	-0.01099752	0.251221028350633	0.02556716	0.6655135	0.7978608	0.16121614	25.359211
0.107811	-0.01099752	0.5112444152392892	0.02556716	0.6655135	0.7978608	0.12855315	26.513367
0.107811	-0.01099752	0.4295832820738247	0.02556716	0.6655135	0.7978608	0.15073624	25.111105
0.107811	-0.01099752	0.1556174534597975	0.02556716	0.6655135	0.7978608	0.16576187	27.676437
0.107811	-0.01099752	0.20050321478902983	0.02556716	0.6655135	0.7978608	0.16127834	26.43493
0.107811	-0.01099752	0.2682950880891329	0.02556716	0.6655135	0.7978608	0.16027841	25.377481
0.107811	-0.01099752	0.23040848214532428	0.02556716	0.6655135	0.7978608	0.16123807	25.676332
0.107811	-0.01099752	0.27488116343107294	0.02556716	0.6655135	0.7978608	0.15847619	25.103085
0.107811	-0.01099752	0.2995627254389171	0.02556716	0.6655135	0.7978608	0.15617944	25.498314
0.107811	-0.01099752	0.29009058114437414	0.02556716	0.6655135	0.7978608	0.16060075	24.913574
0.107811	-0.01099752	0.24851329458976854	0.02556716	0.6655135	0.7978608	0.15957876	25.533108
0.107811	-0.01099752	0.5554214726744234	0.02556716	0.6655135	0.7978608	0.05060439	NaN
0.107811	-0.01099752	0.4928615186363052	0.02556716	0.6655135	0.7978608	0.09934425	28.561283
0.107811	-0.01099752	0.3619674677394573	0.02556716	0.6655135	0.7978608	0.1541026	25.125835
0.107811	-0.01099752	0.10457919869396487	0.02556716	0.6655135	0.7978608	0.16521609	29.098827
0.107811	-0.01099752	0.5284141129630373	0.02556716	0.6655135	0.7978608	0.070219815	NaN
0.107811	-0.01099752	0.0698214834772049	0.02556716	0.6655135	0.7978608	0.16500004	31.690395
0.107811	-0.01099752	0.07666844431284678	0.02556716	0.6655135	0.7978608	0.16598892	30.66648
0.107811	-0.01099752	0.07672133550643927	0.02556716	0.6655135	0.7978608	0.16383155	31.113708
0.107811	-0.01099752	0.2264792308158794	0.02556716	0.6655135	0.7978608	0.15960069	26.137835
0.107811	-0.01099752	0.43594439156830034	0.02556716	0.6655135	0.7978608	0.1492308	25.312832
0.107811	-0.01099752	0.5318573987810657	0.02556716	0.6655135	0.7978608	0.05834433	NaN
0.107811	-0.01099752	0.2101786046416092	0.02556716	0.6655135	0.7978608	0.16246518	26.228611
0.107811	-0.01099752	0.3217025698183411	0.02556716	0.6655135	0.7978608	0.15424903	25.289192
0.107811	-0.01099752	0.4724443213974713	0.02556716	0.6655135	0.7978608	0.10453846	28.360645
0.107811	-0.01099752	0.5625715689647688	0.02556716	0.6655135	0.7978608	0.05865201	NaN
0.107811	-0.01099752	0.1973709774612627	0.02556716	0.6655135	0.7978608	0.16075829	26.286737
0.107811	-0.01099752	0.345454698615463	0.02556716	0.6655135	0.7978608	0.1552711	24.898537
0.107811	-0.01099752	0.29212465472471344	0.02556716	0.6655135	0.7978608	0.1570146	25.036339
0.107811	-0.01099752	0.2146133972633549	0.02556716	0.6655135	0.7978608	0.16016124	26.04022
0.107811	-0.01099752	0.33820493680519365	0.02556716	0.6655135	0.7978608	0.15416121	25.412228
0.107811	-0.01099752	0.5400391445499291	0.02556716	0.6655135	0.7978608	0.042772897	NaN
0.107811	-0.01099752	0.36650176255789263	0.02556716	0.6655135	0.7978608	0.14437363	25.584969
0.107811	-0.01099752	0.08880029183734221	0.02556716	0.6655135	0.7978608	0.16488284	30.029211
0.107811	-0.01099752	0.05738462675042867	0.02556716	0.6655135	0.7978608	0.1670037	32.07874
0.107811	-0.01099752	0.26046446991055594	0.02556716	0.6655135	0.7978608	0.15916117	25.566957
0.107811	-0.01099752	0.07636510120547416	0.02556716	0.6655135	0.7978608	0.16616115	30.757261
0.107811	-0.01099752	0.5072430303068214	0.02556716	0.6655135	0.7978608	0.07108059	NaN
0.107811	-0.01099752	0.1208258160709108	0.02556716	0.6655135	0.7978608	0.16235165	28.643421
0.107811	-0.01099752	0.19089363997808415	0.02556716	0.6655135	0.7978608	0.16118686	26.301481
0.107811	-0.01099752	0.32544528903603576	0.02556716	0.6655135	0.7978608	0.15430768	25.296038
0.107811	-0.01099752	0.40671555060334724	0.02556716	0.6655135	0.7978608	0.15026376	25.313025
0.107811	-0.01099752	0.29613212464926136	0.02556716	0.6655135	0.7978608	0.15965937	25.097532
0.107811	-0.01099752	0.017344039301068412	0.02556716	0.6655135	0.7978608	0.16694504	37.778137
0.107811	-0.01099752	0.16627903685658463	0.02556716	0.6655135	0.7978608	0.1611136	27.116028
0.107811	-0.01099752	0.31850636642207425	0.02556716	0.6655135	0.7978608	0.15739924	25.291395
0.107811	-0.01099752	0.2664234962035614	0.02556716	0.6655135	0.7978608	0.15825644	25.313524
0.107811	-0.01099752	0.6114415448337571	0.02556716	0.6655135	0.7978608	0.028728928	NaN
0.107811	-0.01099752	0.12519360987474468	0.02556716	0.6655135	0.7978608	0.1628534	28.589806
0.107811	-0.01099752	0.09275242664536468	0.02556716	0.6655135	0.7978608	0.16218688	30.128704
0.107811	-0.01099752	0.5795515379951118	0.02556716	0.6655135	0.7978608	0.03156777	NaN
0.107811	-0.01099752	0.5599866180268915	0.02556716	0.6655135	0.7978608	0.048347987	NaN
0.107811	-0.01099752	0.26455880498733875	0.02556716	0.6655135	0.7978608	0.15792678	25.748981
0.107811	-0.01099752	0.4513440361829791	0.02556716	0.6655135	0.7978608	0.14112826	25.623032
0.107811	-0.01099752	0.46265828095085904	0.02556716	0.6655135	0.7978608	0.101406574	30.509335
0.107811	-0.01099752	0.3843998361239781	0.02556716	0.6655135	0.7978608	0.15121245	25.218596
0.107811	-0.01099752	0.46413283363974195	0.02556716	0.6655135	0.7978608	0.14516489	25.631622
0.107811	-0.01099752	0.15503452061931625	0.02556716	0.6655135	0.7978608	0.16215383	27.185087
0.107811	-0.01099752	0.45513236345987595	0.02556716	0.6655135	0.7978608	0.1319048	26.880478
0.107811	-0.01099752	0.13043075410914476	0.02556716	0.6655135	0.7978608	0.16457507	28.408539
0.107811	-0.01099752	0.029225484785051235	0.02556716	0.6655135	0.7978608	0.1681978	35.871735
0.107811	-0.01099752	0.24598310024728115	0.02556716	0.6655135	0.7978608	0.1581465	25.5606
0.107811	-0.01099752	0.027064487441574997	0.02556716	0.6655135	0.7978608	0.1669891	36.172356
0.107811	-0.01099752	0.16150856120618634	0.02556716	0.6655135	0.7978608	0.16041762	27.039219
0.107811	-0.01099752	0.189779594163805	0.02556716	0.6655135	0.7978608	0.16177288	26.38938
0.107811	-0.01099752	0.4790442530191786	0.02556716	0.6655135	0.7978608	0.07549817	NaN
0.107811	-0.01099752	0.29567901249449435	0.02556716	0.6655135	0.7978608	0.15742119	25.342398
0.107811	-0.01099752	0.08554698754887935	0.02556716	0.6655135	0.7978608	0.16373993	29.938854
0.107811	-0.01099752	0.5978574353010967	0.02556716	0.6655135	0.7978608	0.025919413	NaN
0.107811	-0.01099752	0.038434830908063336	0.02556716	0.6655135	0.7978608	0.16860805	34.86591
0.107811	-0.01099752	0.26628967154495625	0.02556716	0.6655135	0.7978608	0.15836999	25.750568
0.107811	-0.01099752	0.3961561269798504	0.02556716	0.6655135	0.7978608	0.15159707	25.520681
0.107811	-0.01099752	0.4504242090877711	0.02556716	0.6655135	0.7978608	0.14627106	25.805801
0.107811	-0.01099752	0.4427908203213686	0.02556716	0.6655135	0.7978608	0.14534071	25.983608
0.107811	-0.01099752	0.1570498072824628	0.02556716	0.6655135	0.7978608	0.16243957	27.227264
0.107811	-0.01099752	0.17844099308485611	0.02556716	0.6655135	0.7978608	0.16180587	27.032907
0.107811	-0.01099752	0.3251946056723503	0.02556716	0.6655135	0.7978608	0.15686078	25.049194
0.107811	-0.01099752	0.42515455312223527	0.02556716	0.6655135	0.7978608	0.11963735	26.817978
0.107811	-0.01099752	0.38668384353935675	0.02556716	0.6655135	0.7978608	0.15141763	24.857304
0.107811	-0.01099752	0.5826085460098059	0.02556716	0.6655135	0.7978608	0.030776557	NaN
0.107811	-0.01099752	0.07955478638287025	0.02556716	0.6655135	0.7978608	0.1647875	30.527927
0.107811	-0.01099752	0.22036815759905068	0.02556716	0.6655135	0.7978608	0.15824175	25.915462
0.107811	-0.01099752	0.5847379848845657	0.02556716	0.6655135	0.7978608	0.046369977	NaN
0.107811	-0.01099752	0.4592637826256667	0.02556716	0.6655135	0.7978608	0.097882755	27.811079
0.107811	-0.01099752	0.01454857963620833	0.02556716	0.6655135	0.7978608	0.16492309	37.94796
0.107811	-0.01099752	0.3808779203014503	0.02556716	0.6655135	0.7978608	0.15356408	25.113455
0.107811	-0.01099752	0.1541569310791184	0.02556716	0.6655135	0.7978608	0.161326	27.41245
0.107811	-0.01099752	0.26925633399741844	0.02556716	0.6655135	0.7978608	0.15737367	25.421305
0.107811	-0.01099752	0.5983278351979232	0.02556716	0.6655135	0.7978608	0.04880586	NaN
0.107811	-0.01099752	0.050071980902672536	0.02556716	0.6655135	0.7978608	0.16452016	33.277905
0.107811	-0.01099752	0.46829263609624094	0.02556716	0.6655135	0.7978608	0.14553848	25.9598
0.107811	-0.01099752	0.44542455978321754	0.02556716	0.6655135	0.7978608	0.143663	26.176832
0.107811	-0.01099752	0.360537297571891	0.02556716	0.6655135	0.7978608	0.15309526	25.008135
0.107811	-0.01099752	0.0630330746272688	0.02556716	0.6655135	0.7978608	0.1633992	31.796131
0.107811	-0.01099752	0.23727891259581868	0.02556716	0.6655135	0.7978608	0.15994862	25.611528
0.107811	-0.01099752	0.4472827775160439	0.02556716	0.6655135	0.7978608	0.13036998	25.927437
0.107811	-0.01099752	0.6002239306043685	0.02556716	0.6655135	0.7978608	0.0357326	NaN
0.107811	-0.01099752	0.34709531757917106	0.02556716	0.6655135	0.7978608	0.15551649	25.220007
0.107811	-0.01099752	0.5221080716860638	0.02556716	0.6655135	0.7978608	0.055589758	NaN
0.107811	-0.01099752	0.2965538857797785	0.02556716	0.6655135	0.7978608	0.15692307	25.38352
0.107811	-0.01099752	0.5224477730790572	0.02556716	0.6655135	0.7978608	0.105666675	28.975477
0.107811	-0.01099752	0.3536866084975702	0.02556716	0.6655135	0.7978608	0.15427466	25.433138
0.107811	-0.01099752	0.40637641041708095	0.02556716	0.6655135	0.7978608	0.11665569	27.02439
0.107811	-0.01099752	0.4326837882974064	0.02556716	0.6655135	0.7978608	0.09500371	28.657824
0.107811	-0.01099752	0.023529881974630604	0.02556716	0.6655135	0.7978608	0.165044	36.57935
0.107811	-0.01099752	0.23988230303797997	0.02556716	0.6655135	0.7978608	0.16041756	25.458563
0.107811	-0.01099752	0.5246311380230371	0.02556716	0.6655135	0.7978608	0.07195603	NaN
0.107811	-0.01099752	0.3995179265870029	0.02556716	0.6655135	0.7978608	0.15080589	24.927212
0.107811	-0.01099752	0.23494746296190422	0.02556716	0.6655135	0.7978608	0.16171797	25.93427
0.107811	-0.01099752	0.4287607994346461	0.02556716	0.6655135	0.7978608	0.14813551	25.612007
0.107811	-0.01099752	0.15358614417045205	0.02556716	0.6655135	0.7978608	0.16511719	27.281265
0.107811	-0.01099752	0.0507426223618595	0.02556716	0.6655135	0.7978608	0.16689748	32.98802
0.107811	-0.01099752	0.4369128854647465	0.02556716	0.6655135	0.7978608	0.14624542	25.964678
0.107811	-0.01099752	0.13635679345788415	0.02556716	0.6655135	0.7978608	0.16260803	27.822662
0.107811	-0.01099752	0.4090689792748989	0.02556716	0.6655135	0.7978608	0.13562642	26.40681
0.107811	-0.01099752	0.1609911353572978	0.02556716	0.6655135	0.7978608	0.1659158	26.889898
0.107811	-0.01099752	0.13864018366496467	0.02556716	0.6655135	0.7978608	0.16131867	27.64647
0.107811	-0.01099752	0.24810922152080625	0.02556716	0.6655135	0.7978608	0.15837727	25.644424
0.107811	-0.01099752	0.3920651195162727	0.02556716	0.6655135	0.7978608	0.14842492	25.695293
0.107811	-0.01099752	0.12051403062820294	0.02556716	0.6655135	0.7978608	0.16628204	28.397755
0.107811	-0.01099752	0.3370608273684427	0.02556716	0.6655135	0.7978608	0.15545794	25.065496
0.107811	-0.01099752	0.14380046773103117	0.02556716	0.6655135	0.7978608	0.16083886	27.628838
0.107811	-0.01099752	0.3045952720007533	0.02556716	0.6655135	0.7978608	0.15807688	24.969763
0.107811	-0.01099752	0.5914797535471171	0.02556716	0.6655135	0.7978608	0.055388283	NaN
0.107811	-0.01099752	0.6168117819816241	0.02556716	0.6655135	0.7978608	0.035333317	NaN
0.107811	-0.01099752	0.4717749650684287	0.02556716	0.6655135	0.7978608	0.1272967	26.92553
0.107811	-0.01099752	0.19743993020843206	0.02556716	0.6655135	0.7978608	0.16234802	26.140312
0.107811	-0.01099752	0.4465431599195255	0.02556716	0.6655135	0.7978608	0.11059343	29.153315
0.107811	-0.01099752	0.3601806115074474	0.02556716	0.6655135	0.7978608	0.15349078	25.202902
0.107811	-0.01099752	0.251507682377412	0.02556716	0.6655135	0.7978608	0.15787177	25.459389
0.107811	-0.01099752	0.23090240814782756	0.02556716	0.6655135	0.7978608	0.16142492	25.769184
0.107811	-0.01099752	0.2706037358397098	0.02556716	0.6655135	0.7978608	0.15604764	25.796877
0.107811	-0.01099752	0.1819878423328074	0.02556716	0.6655135	0.7978608	0.16101465	26.4869
0.107811	-0.01099752	0.3348919255705786	0.02556716	0.6655135	0.7978608	0.15466301	25.119045
0.107811	-0.01099752	0.2748593808210929	0.02556716	0.6655135	0.7978608	0.16014281	25.271597
0.107811	-0.01099752	0.12889493940468613	0.02556716	0.6655135	0.7978608	0.16176191	27.927729
0.107811	-0.01099752	0.14041305485661892	0.02556716	0.6655135	0.7978608	0.16183156	27.742504
0.107811	-0.01099752	0.46111866556918846	0.02556716	0.6655135	0.7978608	0.14254946	25.91813
0.107811	-0.01099752	0.3004030644206256	0.02556716	0.6655135	0.7978608	0.15982048	25.080654
0.107811	-0.01099752	0.48522916802762694	0.02556716	0.6655135	0.7978608	0.10189747	27.799593
0.107811	-0.01099752	0.05977579502094846	0.02556716	0.6655135	0.7978608	0.16532968	31.824898
0.107811	-0.01099752	0.2233608176039408	0.02556716	0.6655135	0.7978608	0.1582124	25.908884
0.107811	-0.01099752	0.14778443973633698	0.02556716	0.6655135	0.7978608	0.16253844	27.550007
0.107811	-0.01099752	0.3074518022898614	0.02556716	0.6655135	0.7978608	0.1568608	25.246391
0.107811	-0.01099752	0.20240203950604535	0.02556716	0.6655135	0.7978608	0.1624213	26.073633
0.107811	-0.01099752	0.4126313921276691	0.02556716	0.6655135	0.7978608	0.10466306	28.148176
0.107811	-0.01099752	0.6163745843813314	0.02556716	0.6655135	0.7978608	0.027216122	NaN
0.107811	-0.01099752	0.345845731915366	0.02556716	0.6655135	0.7978608	0.15193413	25.714783
0.107811	-0.01099752	0.5651628851880779	0.02556716	0.6655135	0.7978608	0.060150195	NaN
0.107811	-0.01099752	0.09252556118902529	0.02556716	0.6655135	0.7978608	0.16541754	29.504879
0.107811	-0.01099752	0.44896901549154694	0.02556716	0.6655135	0.7978608	0.1374029	26.242748
0.107811	-0.01099752	0.5205692656548072	0.02556716	0.6655135	0.7978608	0.07083516	NaN
0.107811	-0.01099752	0.6171329960566534	0.02556716	0.6655135	0.7978608	0.032684986	NaN
0.107811	-0.01099752	0.023012566255811877	0.02556716	0.6655135	0.7978608	0.16611719	36.49228
0.107811	-0.01099752	0.2067954261871041	0.02556716	0.6655135	0.7978608	0.16213189	26.49849
0.107811	-0.01099752	0.39897814787325814	0.02556716	0.6655135	0.7978608	0.15178755	25.04633
0.107811	-0.01099752	0.46240410057350584	0.02556716	0.6655135	0.7978608	0.14307329	26.245613
0.107811	-0.01099752	0.1680710813420197	0.02556716	0.6655135	0.7978608	0.1632967	26.742197
0.107811	-0.01099752	0.03596267129329975	0.02556716	0.6655135	0.7978608	0.16337363	34.940144
0.107811	-0.01099752	0.6075685310913281	0.02556716	0.6655135	0.7978608	0.043120887	NaN
0.107811	-0.01099752	0.4180435207907517	0.02556716	0.6655135	0.7978608	0.14541762	25.602388
0.107811	-0.01099752	0.3824972854651171	0.02556716	0.6655135	0.7978608	0.1527912	24.751854
0.107811	-0.01099752	0.5432942137699804	0.02556716	0.6655135	0.7978608	0.09254944	NaN
0.107811	-0.01099752	0.08468849665962047	0.02556716	0.6655135	0.7978608	0.1661575	30.110126
0.107811	-0.01099752	0.35212258410957215	0.02556716	0.6655135	0.7978608	0.15386079	24.968351
0.107811	-0.01099752	0.22085170964485135	0.02556716	0.6655135	0.7978608	0.1642747	25.688421
0.107811	-0.01099752	0.2203211030907465	0.02556716	0.6655135	0.7978608	0.15996695	25.997274
0.107811	-0.01099752	0.24388813285422498	0.02556716	0.6655135	0.7978608	0.15917222	25.51734
0.107811	-0.01099752	0.10839935066689281	0.02556716	0.6655135	0.7978608	0.16446882	28.901814
0.107811	-0.01099752	0.06437108919307326	0.02556716	0.6655135	0.7978608	0.1679634	31.917957
0.107811	-0.01099752	0.565617632220063	0.02556716	0.6655135	0.7978608	0.03116484	NaN
0.107811	-0.01099752	0.5900097751070965	0.02556716	0.6655135	0.7978608	0.037003666	NaN
0.107811	-0.01099752	0.37591132563531976	0.02556716	0.6655135	0.7978608	0.15658236	24.787
0.107811	-0.01099752	0.522852216422869	0.02556716	0.6655135	0.7978608	0.05311358	NaN
0.107811	-0.01099752	0.07755048107788427	0.02556716	0.6655135	0.7978608	0.16684619	30.528795
0.107811	-0.01099752	0.46560356598235614	0.02556716	0.6655135	0.7978608	0.13154948	26.39837
0.107811	-0.01099752	0.04923880369230513	0.02556716	0.6655135	0.7978608	0.166403	33.16117
0.107811	-0.01099752	0.3301312721780451	0.02556716	0.6655135	0.7978608	0.15569228	25.336185
0.107811	-0.01099752	0.5745589367737679	0.02556716	0.6655135	0.7978608	0.04039925	NaN
0.107811	-0.01099752	0.5677430654196947	0.02556716	0.6655135	0.7978608	0.034520157	NaN
0.107811	-0.01099752	0.2490070723077308	0.02556716	0.6655135	0.7978608	0.160978	25.64159
0.107811	-0.01099752	0.4730800925565638	0.02556716	0.6655135	0.7978608	0.11153116	27.357084
0.107811	-0.01099752	0.27645503939419025	0.02556716	0.6655135	0.7978608	0.15883154	25.212854
0.107811	-0.01099752	0.1808694700529335	0.02556716	0.6655135	0.7978608	0.16489373	26.748138
0.107811	-0.01099752	0.39089755074198446	0.02556716	0.6655135	0.7978608	0.1525165	24.892538
0.107811	-0.01099752	0.14901393169930308	0.02556716	0.6655135	0.7978608	0.16298532	27.801315
0.107811	-0.01099752	0.39919934776386745	0.02556716	0.6655135	0.7978608	0.15502934	24.844244
