0.12448037984682367	-0.0031627986106741116	0.3549601131633704	0.11245921699083325	0.34485885296033947	0.7960303932503774	NaN	NaN	0.13387426900584795	NaN
0.09551070021063611	-0.003896039731918592	0.4835437329165624	0.10380781246029099	0.2601755241556287	0.8699039853542032	NaN	NaN	0.1219078947368421	NaN
0.07048752190028588	-0.0017394067937147218	0.3055016245925669	0.07233349970771669	0.12248007723628122	0.9095634142083574	NaN	NaN	0.23641812865497078	NaN
0.11537681492724315	-0.0044376547493630335	0.39308527012283456	0.02921046149307371	0.13956463913496514	0.8881291083654355	0.18863845	22.35044	9.895782163742691	215.25
0.10213230645348312	-0.002376243464942259	0.49751983058980503	0.04336693466076977	0.17080484044121125	0.8160998952780593	0.28776792	22.669159	8.02095029239766	NaN
0.10865264863964863	-5.404561186396306E-4	0.367610819337038	0.11576666898851955	0.3069862220492987	0.9971898150220923	NaN	NaN	0.1393421052631579	NaN
0.09591891740589231	-0.0017140125644670612	0.5045439202883464	0.005785920444170171	0.22098783316861537	0.7874307150757603	0.25134674	21.003227	14.46813596491228	141.33333333333334
0.021116411290216998	-0.003834891083143605	0.5131254260968775	0.10853881773246352	0.4576174921143991	0.9847093944709802	NaN	NaN	0.0994517543859649	NaN
0.10470665763384324	-0.0049792219675739244	0.4169719400620491	0.13725428623490687	0.056969054144241686	0.9723461722705089	NaN	NaN	0.09179824561403509	NaN
0.07381976750623756	-6.890979823802462E-4	0.4492323558256497	0.00916904267263592	0.08496482560568762	0.8978163553778722	0.1361012	23.87565	14.776074561403508	146.83333333333334
0.08811473150311754	-0.0022549764397822272	0.31585389740499126	0.0446996354161369	0.4066500106982815	0.9044798332204027	NaN	NaN	0.9269005847953217	NaN
0.03981798447284635	-0.0020503909781924923	0.3276970953789005	0.0693744693546085	0.22265287969338082	0.9926493033868196	NaN	NaN	0.2088230994152047	NaN
0.10519180136706814	-0.004272725757673039	0.4139400303041765	0.1327830879195818	0.17328410873029787	0.8456438392885604	NaN	NaN	0.0953874269005848	NaN
0.07167883160507049	-0.00412995147863736	0.458137731683343	0.06992924503091685	0.3352275494072987	0.9950116557328897	NaN	NaN	0.19415204678362574	NaN
0.03567264899788703	-0.0010249858557187734	0.34143413664895567	0.0693081149519882	0.41581849670568843	0.8569514537100154	NaN	NaN	0.2142397660818713	NaN
0.06081416989418333	-0.0010066217045737729	0.4041460050613808	0.13187341080544013	0.32359493803087136	0.8634222057887571	NaN	NaN	0.1012719298245614	NaN
0.13222825590504153	-2.9299723043008867E-4	0.3471047463901662	0.050080974178841386	0.33116276451356486	0.9375324814757344	0.2505283	15.351094	11.434634502923975	NaN
0.12779353728246032	-0.0011290182570205276	0.5305747433747243	0.02731174394895173	0.47839406147233293	0.9237861333732288	0.19414437	16.556868	13.632390350877193	302.3333333333333
0.14376209607868165	-0.002445979730395736	0.43955726623674474	0.09226458206332669	0.007473380526194218	0.7915943861970554	NaN	NaN	0.21195906432748537	NaN
0.08747668354723584	-0.0035672541472452518	0.43609657652902	0.051101174960208995	0.0041515695284591765	0.8213269747369477	NaN	NaN	0.5732383040935672	NaN
0.08901439074042417	-0.002600086656763318	0.45855816676816696	0.08810942037734751	0.4055306774093276	0.7789668092156588	NaN	NaN	0.15587719298245614	NaN
0.10404223346321734	-0.0017063766208590065	0.4944455744648544	0.12597350373388508	0.4484931635557685	0.9602736508179792	NaN	NaN	0.1014108187134503	NaN
0.05050766365153841	-0.0014253596793507134	0.49232765848531596	0.004099342088965748	0.3851489474982427	0.8720893101199984	0.09188243	37.77074	14.48059941520468	217.0
0.09879247387236156	-0.0018832000847940928	0.35299740651751477	0.07620061767680014	0.003986378271105696	0.9750876838356732	NaN	NaN	0.2511622807017544	NaN
0.15120074614714119	-0.0015579272944432226	0.4436801947513734	0.0400170448448277	0.1252980011873968	0.983662071738941	0.14065477	15.857585	13.040350877192981	239.0
0.09797939603200947	-0.00224653212443529	0.44852543043372606	0.056782558602192425	0.20536584369149408	0.7987441174327966	NaN	NaN	0.5142543859649122	NaN
0.020115063770245238	-0.0027123887596160632	0.39579250480987466	0.08221314146522025	0.4902281649215553	0.8438764393848662	NaN	NaN	0.14096491228070177	NaN
0.058824954743670735	-0.002867862012327512	0.3970892042429348	0.024324192694852653	0.02194262270279994	0.8137458935723952	0.17059529	38.338814	9.785058479532164	440.0
0.04865583568251877	-1.9576870604015855E-4	0.4872167996920044	0.08745467350512323	0.26937900163372985	0.9442770263281773	NaN	NaN	0.15540204678362574	NaN
0.03939862795549718	-0.0018454016835169728	0.4980684710339743	0.0302644187253656	0.2439249225109978	0.890154740485589	NaN	NaN	0.8493494152046783	NaN
0.03637246036101648	-0.0035996215061920352	0.52553209922328	0.024133112030844405	0.26621484703628545	0.9268793389487496	NaN	NaN	1.1335672514619883	NaN
0.13206822628626785	-0.003828937321076524	0.31134994880485467	0.060932336371221744	0.3821785383891085	0.8319627240317448	NaN	NaN	0.5501827485380116	NaN
0.07348621613281238	-0.004990814627137368	0.5497396906664576	0.042328773467839656	0.4303692240650529	0.9321766382665186	NaN	NaN	0.41387426900584795	NaN
0.060855015028960936	-0.002046274101392359	0.3216058067232724	0.07602781115249058	0.04363085201288724	0.8686072267511342	NaN	NaN	0.21646198830409355	NaN
0.10765998470729166	-0.003934209490256909	0.49315885588879693	0.1232578197165748	0.1185930078716501	0.8281170298008633	NaN	NaN	0.10432748538011696	NaN
0.15020202763324136	-0.0025341214971178316	0.3444718569090619	0.13955950186464786	0.40907334087776637	0.842347901935556	NaN	NaN	0.10886695906432749	NaN
0.09419363676475281	-1.619080215879242E-4	0.5011671666185197	0.10396979056679152	0.1329894296783894	0.9240166131007372	NaN	NaN	0.1369517543859649	NaN
0.10640464980853974	-0.004867092389933295	0.30624017017199334	0.07702138753155066	0.026542906945192058	0.9045779908335906	NaN	NaN	0.24780701754385964	NaN
0.03210021766182896	-0.003653926945103904	0.32165487405660476	0.004818032216649241	0.41988283816939537	0.9786965644714788	0.02031994	66.79378	11.862704678362574	317.0
0.11325527804881247	-0.0022380547222221733	0.3414249195250519	0.05964940830306661	0.14176351110374463	0.8449329969684096	NaN	NaN	0.6009868421052632	NaN
0.09335208253970378	-0.0013141068732901977	0.5105257947065753	0.12919197714158037	0.21940575649862498	0.7908921095902143	NaN	NaN	0.10328947368421053	NaN
0.13031913014346902	-2.713994840390204E-4	0.3012419604597196	0.10097290835431445	0.21730521944130654	0.8862886806269307	NaN	NaN	0.18865497076023394	NaN
0.058982514989373624	-0.004312758491223692	0.47997767465599217	0.031279757289715056	0.034502461328032634	0.9121783306362033	0.087879494	44.260532	2.8323026315789472	NaN
0.09568597846622917	-0.003447853745266493	0.5006616776178743	0.006561049836336023	0.1441683939531681	0.8864059701472146	0.11755207	24.260908	11.558976608187134	128.57142857142858
0.08368754438721206	-5.239953256641876E-4	0.413632625411438	0.12822125456833894	0.03853554764872157	0.798292665994921	NaN	NaN	0.11301169590643274	NaN
0.02503282810563031	-4.852934367896854E-4	0.35225142183543906	0.05886248592146679	0.4234269529508782	0.8930840965713593	NaN	NaN	0.24527777777777776	NaN
0.02009390528048024	-0.0023108939908099767	0.529863841779906	0.01391607212606013	0.46304504240894334	0.7638061923027917	0.050691973	127.86989	2.7450365497076024	NaN
0.06538531533818458	-4.545752326104751E-4	0.44151790429992854	0.05334706502123579	0.2913648130153574	0.9042242994857111	NaN	NaN	0.3888961988304094	NaN
0.1449432987845181	-0.0012055731595097836	0.3428776464421651	0.04896768731413945	0.10144809781474444	0.927605563276588	0.25617558	16.26501	12.051900584795321	400.0
0.1050807815518719	-0.004812733581904617	0.3408915373083632	0.027781447593982034	0.3792161219858537	0.9871847797354851	0.08895092	25.645678	9.672631578947367	348.5
0.09208944913322659	-0.002793973345417958	0.4502601691193969	0.12677436419743907	0.33058054298602974	0.9325946684059582	NaN	NaN	0.09951023391812865	NaN
0.011113786904590537	-0.001907951758069667	0.5378639399107255	0.12140599345581339	0.038169899775431275	0.8632238299268108	NaN	NaN	0.0929312865497076	NaN
0.011413512975001825	-0.0023465676616357513	0.4657861076280264	0.07161912465890527	0.48996972710270237	0.8424099354002641	NaN	NaN	0.15564327485380117	NaN
0.011284994058128781	-0.004851543341052042	0.5170964045321434	0.05502839412152049	0.42172627549189334	0.9126814068495993	NaN	NaN	0.18041666666666667	NaN
0.08853483039412023	-0.004436427123869915	0.517312106051921	0.008765519896164335	0.06859152079136553	0.760765420347504	0.19578874	24.373894	9.925555555555555	128.28571428571428
0.06137713007302165	-9.617462311038072E-4	0.5365612561005977	0.08661000635615981	0.3007915236270691	0.8048405028975935	NaN	NaN	0.1657748538011696	NaN
0.07752803295046709	-0.002955011880768895	0.49154048030128195	0.11503255406186835	0.4306026082480085	0.8853036025786533	NaN	NaN	0.10586988304093567	NaN
0.08694694963973047	-0.001262452317445355	0.4739597319914206	0.14179397970042695	0.39207553173891196	0.8531381946766681	NaN	NaN	0.09473684210526316	NaN
0.06775399327660116	-0.0015737525931351398	0.4303391351060058	0.027101604147016508	0.2651523004661368	0.8975250788065202	0.14857888	33.118607	11.596849415204678	494.0
0.015249878074944104	-0.0017670681217738377	0.5417790643442494	0.03700966232628619	0.20740571094767418	0.9915622260812318	NaN	NaN	0.33230994152046783	NaN
0.026371080005684264	-0.003805932168292191	0.41714166659512986	0.1318997741575514	0.0708667004952082	0.8035050289160429	NaN	NaN	0.09199561403508771	NaN
0.015304180523518326	-0.004493520931833935	0.427408195013804	0.004286029813427294	0.08049727567321606	0.9616725170389732	0.01786459	113.88152	8.892865497076023	372.0
0.13011465538055667	-0.0013985742802810586	0.43672676561017676	0.04880863818346723	0.28296097024868105	0.8266767838024607	0.36313996	18.912159	10.477434210526315	NaN
0.14315437738446374	-3.4099329502560886E-4	0.5087255728998035	0.013717229520938923	0.09852056255011692	0.8917280257221444	0.29506695	12.298451	15.192858187134505	122.28571428571429
0.02351677222221061	-0.004827989931643923	0.5473892016723836	0.10716390067682617	0.12017411552594258	0.9639724007833113	NaN	NaN	0.09424707602339182	NaN
0.04500867091683214	-0.003112293557831964	0.47550426912712207	0.0916464970540408	0.1584819805479632	0.9398778679691379	NaN	NaN	0.12846491228070175	NaN
0.015884491432271854	-1.8532763239435194E-4	0.5211648329906529	0.04854099433817276	0.36983352718362544	0.8500574590226253	NaN	NaN	0.2658333333333333	NaN
0.05310305941750797	-0.004087834947925991	0.4528486051937533	0.022070202684743016	0.282985726202464	0.812291654514329	0.1433333	41.04785	7.938998538011695	620.0
0.1560641911019731	-0.002719920311662098	0.3853600922489182	0.12966329740829038	0.14234536188505187	0.8812821845399859	NaN	NaN	0.11358187134502924	NaN
0.11788493392140016	-0.004648021438289409	0.3246833194005866	0.12151186781385745	0.16636939399389683	0.7544574469466314	NaN	NaN	0.11674707602339181	NaN
0.05229080994512188	-0.003758413896740544	0.5371618127400937	0.10042400340142466	0.1112695101999318	0.8812930956766497	NaN	NaN	0.11932748538011696	NaN
0.10541175414745363	-5.004050409707022E-4	0.39306028236767265	0.1416764874986523	0.18050719802548115	0.7996668923840785	NaN	NaN	0.10443713450292397	NaN
0.13425485941621332	-0.004636612525441659	0.3025660176636355	0.09047949098875967	0.41187677465633604	0.944009228852712	NaN	NaN	0.18348684210526314	NaN
0.05072556130099919	-0.005096300408326014	0.5327295204488743	0.0915685718768372	0.2497505764241159	0.8929354419464908	NaN	NaN	0.11828947368421053	NaN
0.0859165567359777	-0.003668666166418301	0.47126484410984254	0.035151300803392925	0.1996986187304936	0.9668642624672852	0.12644345	27.407892	7.396747076023392	NaN
0.1463919272093213	-0.0018186142013773016	0.36004039169747437	0.03144289870279785	0.10652643122822135	0.9912716890026424	0.1081473	16.183609	13.698647660818715	171.6
0.11055545219070485	-0.005034674250712649	0.46046855734808745	0.016965616144872003	0.37106860291490873	0.787850630527718	0.2270908	20.989136	9.574488304093567	206.5
0.060382059781589476	-0.0044884665321247505	0.38079539505099563	0.09895492633413189	0.46303914741883034	0.8723133365527727	NaN	NaN	0.13057017543859648	NaN
0.12406537920825146	-0.001792973707948493	0.3429150626518829	0.07306352092761964	0.1200175556382551	0.7639739064611624	NaN	NaN	0.3647953216374269	NaN
0.11902958404265132	-0.0036727498247587907	0.3631732535171389	0.0011884751082040068	0.08032351481561466	0.9128883424992018	0.09662949	22.4992	13.265431286549708	111.375
0.058588478370327234	-0.00401732527759457	0.5175321318319585	0.09893197450819703	0.3501229909271458	0.8262356023326353	NaN	NaN	0.11590643274853801	NaN
0.058908783651075325	-0.0021780948653700553	0.5492696112555313	0.02086121982069236	0.08357104544463782	0.7770382702973436	0.19640625	35.492455	10.837010233918129	286.0
0.14622868033145547	-0.0023219059689175057	0.30536807636134067	0.08743487321747576	0.47602655114330467	0.7672097713448862	NaN	NaN	0.21858918128654972	NaN
0.09615869023515733	-0.0019887799433093425	0.522172639439831	0.03494419766146433	0.16220344170656392	0.7794569097758464	0.30820698	24.304533	10.860621345029239	404.5
0.14179384560846117	-0.0017684634370344603	0.46849436397838345	0.06696526526365501	0.33732136660335876	0.7616634592797743	NaN	NaN	0.48471491228070174	NaN
0.08301780527707328	-0.0017469429230582896	0.3347977458303678	0.0031794674291783106	0.004592279488853424	0.9151507728885878	0.08674849	26.772087	15.030292397660817	128.71428571428572
0.03428738393474335	-0.0013501808116645404	0.32560914170491084	0.015694144846109693	0.30737489219758757	0.8884935444162861	0.092849724	57.52077	11.589459064327485	734.0
0.019136897438342224	-0.0036830232947027445	0.3819495004916169	0.00254068879160025	0.45062513576420665	0.9194190261311151	0.020855656	99.17915	10.797390350877192	363.5
0.03920405578257324	-0.004915746504414897	0.525033512195046	0.032358018912497497	0.21139049925122555	0.9635119562582821	NaN	NaN	0.5245979532163743	NaN
0.0596024696073743	-0.001682683952807059	0.4582606520658672	0.04155441796883742	0.4004939518863939	0.9939789927602523	NaN	NaN	0.5556286549707603	NaN
0.15758124524940453	-5.348210160884892E-4	0.38369277556584674	0.13780673661238926	0.3716249400787246	0.8073089116471978	NaN	NaN	0.11771198830409356	NaN
0.06253143407545664	-0.0029235314834544493	0.49177720509966655	0.07158540831837064	0.49513233540794216	0.7552293426323077	NaN	NaN	0.18846491228070175	NaN
0.033215850921725736	-0.0019125336464329938	0.5095127214305801	0.1056248696423735	0.47316671405807736	0.9105581326028286	NaN	NaN	0.10898391812865497	NaN
0.14658751785737886	-0.004230774089335294	0.32601519753159963	0.09868736191057287	0.4826540197438786	0.7792466083572017	NaN	NaN	0.17309941520467836	NaN
0.03647855460512189	-0.0025358424427241537	0.4444365363421805	0.11854426731152376	0.49104381536325936	0.8207007532395401	NaN	NaN	0.10372076023391813	NaN
0.032822895451217804	-9.855269099503865E-4	0.3923089170276386	0.08343097176046572	0.005945999583594864	0.8351517198275771	NaN	NaN	0.15915204678362574	NaN
0.10174113873123798	-7.785313390824095E-4	0.545980697136093	0.12208212881687404	0.1386675290753644	0.958953898348893	NaN	NaN	0.1158845029239766	NaN
0.07586355438886827	-0.001072795770778845	0.4192019930317699	0.10724432062788335	0.28924503326025525	0.7639616524843701	NaN	NaN	0.13467105263157894	NaN
0.045578991101454254	-0.0022043177128988627	0.5168985854315884	0.005868305633657175	0.18873233363365738	0.9850376422472553	0.023467263	46.72087	12.591725146198831	200.75
0.14663483606956443	-0.003978237925797957	0.46650185976626113	0.10023608833715153	0.3660773970912474	0.9739574626064631	NaN	NaN	0.14782894736842106	NaN
0.04462001404747307	-0.0037889858719762086	0.3951085982927489	0.12846731517874502	0.08068013880346352	0.7588984711961699	NaN	NaN	0.09627923976608187	NaN
0.012563673811578836	-7.336223493302402E-4	0.5484248355186278	0.09522015786901751	0.07736745618435285	0.935953376668387	NaN	NaN	0.12182748538011696	NaN
0.0551824953935085	-0.0037326590578895765	0.4295687343998926	0.023154814564294673	0.4637004269587368	0.9040298283944562	0.108697936	41.46837	7.712346491228071	NaN
0.021496890945756877	-0.003970478578739773	0.42300309933445046	0.1057207434438159	0.07682131035382604	0.8726426398049763	NaN	NaN	0.10902777777777778	NaN
0.11167866182208006	-0.004952267255083885	0.34224269321794454	0.048075149772407136	0.23097614798589283	0.955749990199776	NaN	NaN	1.7064766081871345	NaN
0.08244006366266424	-0.0038697475062131653	0.5236065476762819	0.13811018454818497	0.01086764652118848	0.7954243951713945	NaN	NaN	0.08296783625730994	NaN
0.04715691953085009	-2.3196385861542037E-4	0.5117027362155775	0.004485834542397826	0.17949848921552986	0.8299949162284772	0.16331846	31.243935	14.913479532163743	166.8
0.09964930301459458	-2.923136234745915E-4	0.49305161993865954	0.0017171303008596222	0.3924887269675186	0.899781816204726	0.18167412	18.768978	15.42702485380117	160.8
0.13731497473247223	-0.002365688021477804	0.3602526468941746	0.10138659394725369	0.18026188657883702	0.8738182792376844	NaN	NaN	0.16660818713450293	NaN
0.1065984008131002	-0.00384112235457065	0.3513258866427894	0.01974083693651648	0.4622001213538804	0.8363852747220809	0.20317711	23.345802	11.535175438596491	261.0
0.12883731293033288	-0.0034512676081199125	0.43372938242363895	0.06773501468360604	0.16601401067741656	0.8078633806226263	NaN	NaN	0.3800730994152047	NaN
0.01289665159387253	-0.004040153740187327	0.48445123317618455	0.08411793333875202	0.02523854324936491	0.7796353094400768	NaN	NaN	0.12282894736842105	NaN
0.023994694487199583	-0.003789400289299153	0.33135492206582784	0.04466748182464546	0.3379736834280181	0.9435811775436778	NaN	NaN	0.28961988304093567	NaN
0.07034783572196183	-0.0012188450696233172	0.38444020644558613	0.08111094961543981	0.3716933515310581	0.7683387295097033	NaN	NaN	0.1773611111111111	NaN
0.10608962589122592	-0.002603546812549447	0.5221602335590132	0.037673515150473146	0.259042876606595	0.9039161790587531	0.1981473	23.317518	9.493559941520468	679.0
0.1340185550692496	-0.005062625548687382	0.3986691790491538	0.0873235219757996	0.4258672694182006	0.9946271411379879	NaN	NaN	0.1770029239766082	NaN
0.1045408953943646	-0.005028216178413483	0.42459117961182163	0.010513343575775139	0.4390275003993306	0.9455664680962463	0.07580357	24.005056	10.173172514619882	206.25
0.09042441062730516	-0.0021310460414353874	0.4112986267118696	0.08609523818658561	0.232578527547398	0.8170806974021909	NaN	NaN	0.184890350877193	NaN
0.014171664028814965	-0.0025133164511235875	0.4269315428102579	0.1368228635276152	0.127244631945793	0.8737465869406233	NaN	NaN	0.08360380116959064	NaN
0.14774522210833377	-0.0019545578954372187	0.37961499859047526	0.0337895822346932	0.2714166592303536	0.7723109792063885	0.4366443	16.0347	13.311732456140351	209.75
0.10059959802758475	-0.0019611928215504696	0.5381412181813108	0.08981694021182941	0.30963230076998444	0.9566416665531773	NaN	NaN	0.15630116959064327	NaN
0.03234568009007994	-0.0015993129053570637	0.4843502637064861	0.06836151415887157	0.3951406131476895	0.7559853433127476	NaN	NaN	0.19025584795321637	NaN
0.04252407838761782	-0.0025506651441030933	0.3316081462170256	0.10128130838532488	0.3610912768370932	0.9364384576262155	NaN	NaN	0.1289766081871345	NaN
0.061805634628441124	-0.0018364311247858849	0.3251543631424685	0.054776803043416845	0.41545807861763207	0.8394410859961979	NaN	NaN	0.3509283625730994	NaN
0.08216436396767594	-0.003308828741778604	0.5281502138031566	0.09013508401599019	0.42927643814257677	0.9469537965171619	NaN	NaN	0.14598684210526314	NaN
0.01715439003808915	-0.0042679985572396835	0.3504523824297066	0.059353197281704205	0.008351064652126029	0.8816413383192038	NaN	NaN	0.20338450292397658	NaN
0.1271242547852426	-0.004066572090457681	0.4593789893080624	0.02025026664332042	0.4234187125235492	0.8844531023478006	0.17846729	19.36812	10.516842105263159	213.5
0.11605614853645296	-0.0029466304764132686	0.30491261331545555	0.07590413726070673	0.18191341321442328	0.9382656269948424	NaN	NaN	0.26673976608187133	NaN
0.12054263598523186	-0.002477712873362336	0.5082499168030361	0.08893133831949114	0.45099667438212404	0.7882614492124244	NaN	NaN	0.18535818713450292	NaN
0.09430897813848722	-0.0011787560987103407	0.4076829643601528	0.034688722861700653	0.04234167036896718	0.9602064697737647	0.14547619	23.224125	12.267872807017545	331.5
0.1215358368566091	-2.9434978105620063E-4	0.4402739349407595	0.1274874047442368	0.18619048059256227	0.8212169898452758	NaN	NaN	0.12706140350877193	NaN
0.13519737704908602	-0.004323848420401771	0.4904226572767789	0.012607208778398257	0.008271668322858073	0.9126594572218598	0.13276042	18.447449	10.713720760233919	109.25
0.014646700346776467	-0.003072470874436928	0.3164535462497787	0.021671116794167056	0.46703882599112273	0.9969011434616367	NaN	NaN	0.7772807017543859	NaN
0.09497878852620559	-0.0024926454214772003	0.42596257378964564	0.03182935325879971	0.46007878005884656	0.9833478434630822	0.10314734	27.544115	10.389875730994152	731.0
0.14528677875958748	-0.0039320557667702925	0.41753159489215	0.07441288994352842	0.40308289649024615	0.8809024292166449	NaN	NaN	0.2855043859649123	NaN
0.10808714149441288	-0.0031069801639320906	0.36617187522674793	0.02010345027777862	0.06906070730028323	0.9842135034285118	0.07938242	23.042683	12.625833333333333	166.8
0.05799200543481294	-0.003914853845597545	0.308603970346942	0.1302457516301155	0.4320198374124751	0.8471303753127364	NaN	NaN	0.10006578947368422	NaN
0.1175017044846824	-0.002312153103525105	0.3312900527254946	0.0013670090848665287	0.2315974123444854	0.8851348429523593	0.1487872	19.95823	14.991469298245613	123.0
0.14570868995145242	-0.003870717301049671	0.3335478504514754	0.09609543530600347	0.09250118673813322	0.8473934302231811	NaN	NaN	0.18274122807017543	NaN
0.06415728846530935	-0.001229855688156624	0.30260281568507713	0.09396549749903807	0.13543351661128478	0.9008980883773473	NaN	NaN	0.16744883040935674	NaN
0.10128572565790453	-6.598099677655944E-4	0.45005496328263195	0.014702138583451381	0.280700306752381	0.8030893452652305	0.32869783	17.380835	14.675445906432747	168.2
0.03426210216456876	-0.003005471481012702	0.41589681741093754	0.12578364728636127	0.009154469051892867	0.9337520382555469	NaN	NaN	0.09992690058479532	NaN
0.1468702819430007	-0.003783212844165257	0.3983347430969245	0.12684466096188768	0.4306358909689361	0.9019289324928437	NaN	NaN	0.11233187134502924	NaN
0.05494221298743299	-0.004538151170889735	0.38462228387818975	0.056904436238744	0.05172825353869897	0.953417238935185	NaN	NaN	0.2719809941520468	NaN
0.05298832607526529	-0.0023483865948675433	0.4897651623438374	0.030754448914090425	0.4024770724232261	0.7801237431323804	NaN	NaN	1.5629459064327484	NaN
0.04674690605029741	-0.0026853797980764945	0.3991244373135044	0.10303374767707191	0.406660555552684	0.824399210827985	NaN	NaN	0.12135964912280701	NaN
0.1467377610235876	-0.0015386542859312203	0.3059194098198944	0.05763632009588437	0.37916890351942706	0.7914156034474161	NaN	NaN	2.926922514619883	NaN
0.03622688768999694	-0.0036058246810374314	0.4516735277572085	0.008864452268026858	0.3348616845879824	0.9168712255352671	0.053660717	56.25403	9.977105263157894	300.3333333333333
0.047730964185402645	-0.002487303426447949	0.31348443571454204	0.007054527836349177	0.2597050910895344	0.808710591527367	0.11475448	43.543106	13.936951754385964	205.5
0.15303754085423846	-7.450704298795019E-4	0.32633011503246967	0.04580151233519975	0.4517497664787561	0.8122457298643871	0.47959068	14.029493	12.429824561403509	603.0
0.011194960100124232	-0.004657112570250534	0.3266128242731188	0.1030970021506357	0.39723855353289045	0.7719023647319726	NaN	NaN	0.11288011695906434	NaN
0.08382220523191768	-0.0017784205277747384	0.36792624673423013	0.07503043489315786	0.027415140194216526	0.7878445367921785	NaN	NaN	0.2463815789473684	NaN
0.04997155024092869	-4.950420978306329E-4	0.3852123462311741	0.08969752980729692	0.0619580477789523	0.9867295075207305	NaN	NaN	0.15084795321637426	NaN
0.029495619780443814	-0.0026032652790312165	0.3556248839482611	0.00278427912579827	0.4038467607903116	0.7868063928818108	0.07343007	65.44732	13.383289473684211	279.3333333333333
0.05105602123326546	-0.0032695328507222	0.465577900959367	0.1392748289205968	0.21227309458392146	0.9942088488347864	NaN	NaN	0.08689327485380116	NaN
0.06347546638162617	-0.002220582940815245	0.35363909327645104	0.025850108684802878	0.06027252298560375	0.9995364567315441	0.07811013	37.13207	10.887141812865497	436.5
0.047772263423533357	-6.042964264813311E-4	0.49860841592672234	0.036939322463103975	0.033337066377072726	0.9183214151221561	NaN	NaN	0.8008845029239766	NaN
0.11590016719046664	-0.0010609656014868656	0.544749069421829	0.11385375270487189	0.2565904818431775	0.7516060195872216	NaN	NaN	0.12812865497076023	NaN
0.15570342536659154	-0.003297679364710243	0.440626803730803	0.0329227211043068	0.24930201395389578	0.8111999885171217	0.34831846	16.39362	11.375226608187134	193.25
0.012923788593095639	-0.0019951273763359487	0.5212493086267066	0.08867226631526395	0.005669677751953473	0.8600514055772591	NaN	NaN	0.13070906432748539	NaN
0.07908132400708191	-0.001560624964148365	0.37253380399391567	0.1386022613694618	0.43493691293929243	0.9000770252930596	NaN	NaN	0.10289473684210526	NaN
0.08079419661427623	-0.0029221780896255744	0.31288979870187683	0.038446627266923675	0.36797404387679394	0.9854998952454885	NaN	NaN	1.787061403508772	NaN
0.044484253475174124	-0.0038189575334700234	0.544676995326608	0.03652081975992699	0.4433543947341435	0.7986988904496064	NaN	NaN	0.4578143274853801	NaN
0.13159829765122677	-0.0024510086720386367	0.32224426151018415	0.046102633652713054	0.22651454488801642	0.7714662767508436	0.39625004	20.505611	10.540263157894737	636.0
0.1204018825452944	-0.0017071521423443147	0.43740420544428094	0.012145881150091114	0.12957902651089837	0.9277971887862042	0.13700145	18.127966	14.574641812865496	133.16666666666666
0.03129845219703887	-7.809627410425257E-4	0.314745204068149	0.02403610388392632	0.2865599282272773	0.9745172612778046	NaN	NaN	1.6688084795321636	NaN
0.08449736945855665	-0.0038309547050777966	0.5207958338287009	0.07476459262282094	0.28455397557844003	0.844530227339594	NaN	NaN	0.1903874269005848	NaN
0.060986876111556725	-0.0014475330420593458	0.42336949570561616	0.1416789622693603	0.05283735703139313	0.8497919515147754	NaN	NaN	0.0923172514619883	NaN
0.05523077368537538	-2.9515925096332046E-4	0.47153357005495744	0.08287905966616821	0.10092072145980378	0.9095673509744826	NaN	NaN	0.18053362573099416	NaN
0.11915010882028224	-0.0011271445584437572	0.5266400280002274	0.05303592430671536	0.46713014852267	0.7655951374335305	NaN	NaN	1.0909576023391814	NaN
0.06090446153113216	-0.004880543434227464	0.3902633663845132	0.04974518539644986	0.07051994384146203	0.9726862906329874	NaN	NaN	0.3364400584795321	NaN
0.026163287521535836	-0.004192156301703875	0.3432280385769059	0.10696689849826316	0.24123043850061382	0.8784461400953607	NaN	NaN	0.1174342105263158	NaN
0.12714999899681387	-0.002110412021884717	0.3091483501598914	0.08329023572410639	0.4640500785523524	0.7833882530806411	NaN	NaN	0.23035818713450293	NaN
0.0822242892796323	-0.0011730335288444931	0.4069973028397076	0.07398847380195422	0.19413046483484692	0.9560695000394582	NaN	NaN	0.22700292397660818	NaN
0.07339768049119388	-0.002272391807631378	0.4865829304989109	0.061548637903865965	0.46568313300185293	0.8821079138605434	NaN	NaN	0.27173245614035085	NaN
0.1464905004397577	-7.192119972125443E-4	0.4928256453613631	0.04367818505036829	0.09813684117608522	0.8403547698325422	0.4385863	13.751944	13.221520467836259	174.5
0.06995373223779193	-0.003755064828011847	0.40425195324574037	0.01797221053496183	0.12967576074319354	0.8001051294591789	0.16976188	32.285038	10.548961988304093	210.75
0.14829615464209275	-0.00305349749790996	0.30597078207024064	0.09838847861926724	0.15626822036351495	0.8452911844885221	NaN	NaN	0.19385233918128655	NaN
0.11995670098052001	-0.0038217251188711093	0.510869427448414	0.044500443746429155	0.092126850096351	0.9920724776300036	0.13264136	21.06869	7.64219298245614	NaN
0.11100603682832197	-0.004286913655924405	0.32611661023856653	0.1139127580802643	0.27284716408795323	0.8362991157583347	NaN	NaN	0.12705409356725147	NaN
0.09469364551078338	-0.001174988679378674	0.3470191321234963	0.13011813773649636	0.40902114052448707	0.7948775434795542	NaN	NaN	0.11366959064327486	NaN
0.1153014272826427	-3.0172989169508993E-4	0.3615428534253097	0.11599390250283	0.24062314512238642	0.8372335234334387	NaN	NaN	0.13989766081871344	NaN
0.06652802793479927	-0.0013661798624092264	0.48654472724554776	0.058782084994836475	0.0015616948645306061	0.8486810889874254	NaN	NaN	0.32146929824561404	NaN
0.10149709842672884	-0.0012199747947911881	0.3691049065203547	0.003126332741622781	0.35106415915731737	0.7596258364092889	0.31777528	18.626137	15.20375730994152	156.8
0.051025406726723295	-0.004272364852165295	0.49189997187235174	0.13306523325914998	0.47153221694930897	0.8329320241176046	NaN	NaN	0.08444444444444445	NaN
0.059853126192451415	-0.002753057311403989	0.4318925681073889	0.10097557947982044	0.23963042080618946	0.995459072083496	NaN	NaN	0.12538011695906434	NaN
0.08875935980812664	-0.0015015978151279856	0.3037701050967354	0.09864606816829963	0.0030438235733167185	0.8094373007486052	NaN	NaN	0.15802631578947368	NaN
0.1337733727959937	-0.003975190120300274	0.45855530747505624	0.007924988279665824	0.004894161155751243	0.9099371009614465	0.12441964	18.801348	11.679846491228071	103.75
0.017739109948954997	-6.933885382872551E-4	0.41911310760662557	0.13586277704949876	0.19250857133877614	0.9278398078544463	NaN	NaN	0.09589912280701754	NaN
0.01327235058915744	-0.002279130480794595	0.4263385181910011	0.13275716512238833	0.2892954816937581	0.9643124562843636	NaN	NaN	0.08958333333333333	NaN
0.05942182294876638	-0.0032566002437834146	0.3565452600511766	0.017956024258101208	0.4460460154955341	0.9854093312761631	0.05976936	41.532265	10.930811403508772	233.0
0.12514524917205225	-4.573219675388356E-4	0.33386918493388196	0.0982883531075148	0.08012503001124076	0.7908780245098954	NaN	NaN	0.20271929824561405	NaN
0.06485649462427137	-0.0021309255062397425	0.5137079868618193	0.047340966497977366	0.052766806260148395	0.8430616933902098	NaN	NaN	0.45241959064327486	NaN
0.03189089924462009	-0.0030048427895384435	0.4596612207077056	0.12289694880545879	0.48199984204057433	0.7827066705647525	NaN	NaN	0.09877923976608187	NaN
0.1426528652400827	-0.001670788702889065	0.337903657459286	0.06727846570425895	0.18349085717590918	0.9829681856934396	NaN	NaN	0.5332894736842105	NaN
0.03361530670159612	-0.0038626359702520385	0.538179646505816	0.013322946407003584	0.12664975900949493	0.8996385845428757	0.06627232	57.678276	8.159671052631579	460.0
0.1171777499174567	-0.0027319669431725415	0.5088757082051363	0.10065719675838959	0.3774458918740705	0.8000023975909069	NaN	NaN	0.15163011695906434	NaN
0.025883582794745466	-9.103179377571052E-4	0.3171096939194056	0.09486310175115086	0.22225736148606856	0.9293699158465083	NaN	NaN	0.14560672514619882	NaN
0.09365267144008009	-0.0024914143613159892	0.3211338670100702	0.016252726052142993	0.0643554434369804	0.7995937042033507	0.23460566	23.95791	13.871681286549707	125.33333333333333
0.051790862196350956	-0.0035774289292932514	0.397220747664476	0.0771472163958116	0.002895261930096028	0.8782871553388012	NaN	NaN	0.18187865497076022	NaN
0.1366607076300524	-4.497251336006879E-4	0.40268829270737605	0.06379631405221364	0.3260635997426004	0.9783163959614034	NaN	NaN	0.938187134502924	NaN
0.0983879706257243	-0.0039703146130826115	0.5298969680970385	0.01105391290396801	0.018780384215374524	0.7509201754794528	0.23745537	22.193897	10.341980994152047	124.85714285714286
0.049966844747557304	-0.0044533604967309515	0.31745659885046773	0.12446566144400378	0.4304570927975588	0.7907408248820017	NaN	NaN	0.09992690058479532	NaN
0.1260254165096085	-0.003908893355606861	0.40702541159360256	0.04300988152667493	0.3101156305021853	0.9595529842104034	0.15453874	21.966349	8.215423976608188	NaN
0.12851525232977856	-0.0034302138408751045	0.469945903117727	0.133001407623384	0.17093370524121787	0.7567076118484024	NaN	NaN	0.10294590643274854	NaN
0.08416946201130944	-2.3338713501312106E-4	0.42348911386555466	0.02291460329727882	0.031215010663941323	0.9866347664465188	0.08563246	19.320133	14.086798245614036	193.0
0.08798824049764556	-0.001857282070563297	0.31308710024280734	0.01755768516550065	0.2170291819582606	0.9372582151377201	0.115565464	24.773594	14.015789473684212	211.25
0.05879677437756593	-0.0036756624374526484	0.4240068135437436	0.12524308619500474	0.037409296988054945	0.9521746029006889	NaN	NaN	0.0964327485380117	NaN
0.11339575775927088	-0.00477315705264654	0.40331183943869353	0.009611706538223021	0.02605298592955684	0.9549650512877668	0.06904018	23.031643	10.91595029239766	118.85714285714286
0.01458943091857999	-0.0024931495881292186	0.3134925918995378	0.06750223180989433	0.3149049114276667	0.9162820401861136	NaN	NaN	0.1812280701754386	NaN
0.05581070210267069	-0.0014107452717360609	0.35111263947779403	0.08078667102490843	0.3816968019177224	0.9553514455839508	NaN	NaN	0.1879970760233918	NaN
0.1398296868875685	-9.353781571258535E-4	0.3634778234712476	0.03615196769882925	0.42331942680695467	0.8234315446210444	0.40040186	14.904309	13.302616959064327	339.0
0.09557433679984137	-2.5707096227546404E-4	0.4304149244628741	0.08028415440208102	0.313567693298766	0.9004765781993793	NaN	NaN	0.21097953216374268	NaN
0.12313430621714223	-0.004453985321921429	0.33644452006888903	0.04135031365475059	0.3320431768602437	0.9698823599811864	0.14149554	23.276215	8.168384502923976	NaN
0.031067559436606662	-0.003547211649656865	0.5361147152847917	0.07777632323465354	0.01146132919814662	0.8535828959069369	NaN	NaN	0.1454312865497076	NaN
0.03897080594444046	-0.0033766280577683283	0.4251632767506459	0.11644218517273897	0.1648769201281296	0.9989764550310825	NaN	NaN	0.10444444444444444	NaN
0.09447777776138695	-0.004868361171040623	0.3160989794463104	0.1360752102016566	0.3799287077894648	0.9549629994870282	NaN	NaN	0.0980921052631579	NaN
0.09326336688406651	-0.004543545725262748	0.46531061525279904	0.11398464862876696	0.4225713847776763	0.9507656169062593	NaN	NaN	0.10925438596491228	NaN
0.13988765654286675	-0.004687710208991954	0.40196572777003853	0.10367554539890922	0.0823034620068878	0.8539006279439161	NaN	NaN	0.14	NaN
0.031323769722148974	-0.001152592975742986	0.4267597505505706	0.021286989254050002	0.22994548518113878	0.8125847906992738	0.08248513	61.271538	3.647456140350877	NaN
0.04447088833651686	-2.2428024386920975E-4	0.4714990798485753	0.04735942189499499	0.29884473039794374	0.9496747422908388	NaN	NaN	0.3794956140350877	NaN
0.13783306141291626	-0.0047743830217503004	0.32199541150936556	0.06894199421965996	0.05318541327926828	0.8357924243204141	NaN	NaN	0.4281213450292397	NaN
0.010601767746112059	-0.003160041080890525	0.39572974353662693	0.07145538617523488	0.47101404205543457	0.9061883540854658	NaN	NaN	0.1638157894736842	NaN
0.11265224311718608	-1.8374948828049344E-4	0.38909744243828825	0.11563534617347944	0.15372801692614924	0.8509393069653142	NaN	NaN	0.14392543859649123	NaN
0.15526917028144063	-0.0012295887582813548	0.45412430062754605	0.03106137491524024	0.023143059765994057	0.7897931793283846	0.481994	13.423379	14.124576023391812	146.83333333333334
0.08685571483820043	-0.003307059019546085	0.46166957701166084	0.003643088004660448	0.28780727423729924	0.9291062249578148	0.06812501	28.81587	12.180051169590643	161.4
0.1233321902819791	-0.002740354776482053	0.5430971226818531	0.07157012277951574	0.4438619920703709	0.8383287045527608	NaN	NaN	0.250796783625731	NaN
0.10055869754571303	-2.069721858381356E-4	0.3289590020289961	0.11786274686968737	0.3252937401069645	0.7510665492323648	NaN	NaN	0.134656432748538	NaN
0.11286352492753393	-0.0015567635264086836	0.4556265832770303	0.028177569616017042	0.17264711808220912	0.8012788864346447	0.3308036	19.119402	13.441973684210526	203.5
0.047850350999748145	-6.17076163815724E-4	0.3662188289921231	0.06897159413191487	0.04788243858533724	0.9582834450158253	NaN	NaN	0.23405701754385963	NaN
0.15409830211741932	-0.004031950525555066	0.4232825937596386	0.004709033452625949	0.47170883500399297	0.9962720017571182	0.019248517	24.991104	12.240043859649122	163.2
0.10444677086465909	-0.0030983779915107947	0.5281098284259286	0.0743662264577866	0.3949855254181269	0.8205424993187002	NaN	NaN	0.21253654970760233	NaN
0.038339902527839934	-0.0037895974336312364	0.43643549183719066	0.017064727200220224	0.3701802262613693	0.9559089795065525	0.060223233	55.18119	7.864656432748538	NaN
0.09054353927940696	-4.179715215435758E-4	0.44661936037568944	0.08891057882785025	0.35586192523211113	0.7642488976273327	NaN	NaN	0.18532894736842104	NaN
0.09957096807045414	-1.4613819052778358E-4	0.3938165574421451	0.04686545073956281	0.3461790914515518	0.791102709902334	0.3976415	19.12762	9.71999269005848	NaN
0.034775017463321706	-0.00324725722715202	0.3595946637783245	0.12120513260670175	0.05856664781904746	0.91308453688019	NaN	NaN	0.09799707602339182	NaN
0.15947661901175197	-0.0013200333443467082	0.37893846585154944	0.14147120617596343	0.16280500407130039	0.9227457162421098	NaN	NaN	0.11332602339181287	NaN
0.04517798561145456	-0.0027429200840760485	0.4165442233268344	0.07808799979277593	0.3802286433573448	0.7988236725628206	NaN	NaN	0.1633406432748538	NaN
0.106108510258879	-0.004400005954767515	0.3181592478091234	0.13344961390201918	0.19649596540344444	0.8825957475480906	NaN	NaN	0.10186403508771931	NaN
0.1596098278383703	-0.0030084343563503	0.3148550646211727	0.0683892601999517	0.0989664739575976	0.8046470221326956	NaN	NaN	0.8838011695906433	NaN
0.0875022319179809	-3.380775242446748E-4	0.44338630956084124	0.13578796434453666	0.19040769078285003	0.9567785936988422	NaN	NaN	0.10852339181286551	NaN
0.09118676023531828	-0.0028371901405869265	0.4620055852535764	0.012582845109492735	0.22542721893828171	0.956272600927446	0.077976175	25.229893	12.387675438596492	175.2
0.06420715839674435	-0.0039959392066917674	0.3615674481800857	0.09267191760505405	0.13159170797158132	0.7912548778610683	NaN	NaN	0.14589912280701753	NaN
0.10398537799021984	-0.0025104035137004403	0.4377225161312067	0.019915883428859794	0.19148435891198928	0.8776375090115539	0.18033484	22.218075	12.796812865497076	179.6
0.12889672925390452	-0.0015046349178410717	0.3732035830494951	0.12149572403052712	0.38873686259520995	0.947982035791959	NaN	NaN	0.12505847953216376	NaN
0.15049090546132185	-7.637938668139909E-4	0.44433736768619736	0.08484345836832226	0.03505679898859298	0.8277186192429893	NaN	NaN	0.3229166666666667	NaN
0.06699870379125687	-0.00489773382453634	0.4831434928633258	0.10592311857610844	0.3571019835365751	0.7933253028047498	NaN	NaN	0.10849415204678363	NaN
0.025078398011960067	-0.004346581042710002	0.4338418175291956	0.012157244503731252	0.10331118333402266	0.9833709452886448	0.03914434	73.60539	7.311900584795321	NaN
0.04961887499515688	-0.0021471102032765486	0.308883580618304	0.05628484432781221	0.13900582378577842	0.7665309744001548	NaN	NaN	0.2845102339181287	NaN
0.03717830138942103	-0.0028746777076529948	0.4363230662270936	0.011069580893065208	0.10168622454588043	0.7797910602126394	0.11080357	54.602398	11.00374269005848	290.3333333333333
0.018928222267510716	-0.004368146563761471	0.3144961641925545	0.0723780370720274	0.24185366148259108	0.7657727374618403	NaN	NaN	0.1695687134502924	NaN
0.08370554980081972	-0.004927019145952332	0.5365794907244832	0.09670006081349336	0.04322791923594537	0.9153789488779583	NaN	NaN	0.12380847953216374	NaN
0.04664250408910352	-0.0010676198316075102	0.4821476235663542	0.12282451257833438	0.4011681366609186	0.8524164312379279	NaN	NaN	0.10285087719298246	NaN
0.10282154961545402	-0.0025497964802692406	0.45377337188556466	0.11290973135191411	0.3016507566903726	0.8213751964211286	NaN	NaN	0.12116959064327486	NaN
0.018244666987200172	-0.0038827280244083605	0.4279432367142707	0.040549341301896615	0.43345538404353806	0.960721044174165	NaN	NaN	0.2807090643274854	NaN
0.07015126920099041	-5.179261853144939E-4	0.5229718013162785	0.05723864463275834	0.04234051766826329	0.9886913771517712	NaN	NaN	0.3535599415204679	NaN
0.019184609558473578	-0.004303656253131542	0.32454826883673993	0.11965775779938387	0.49297557098209766	0.810203305442165	NaN	NaN	0.10192251461988304	NaN
0.054192700338275564	-0.003856413876414758	0.30735833052667155	0.11482542930423348	0.2981900558301199	0.7848301443619213	NaN	NaN	0.11618421052631579	NaN
0.024437123745563137	-0.0013847807886184405	0.3096853617156673	0.07101795904723093	0.2476003222515673	0.7513407380842232	NaN	NaN	0.19883771929824562	NaN
0.02983386809572442	-0.0022463339734084295	0.3357672129655161	0.11562316440934861	0.3717106220147447	0.7827073660426705	NaN	NaN	0.11236111111111112	NaN
0.019507988864291084	-0.0014310506928160267	0.33719623335229626	0.07019890145024614	0.30192795657021443	0.8321725764773489	NaN	NaN	0.20115497076023392	NaN
0.10763267566202808	-0.003030974221933914	0.3119986924129372	0.011973881909250254	0.08128638619374055	0.9105423488731973	0.12494048	22.3449	13.840628654970761	133.83333333333334
0.05924957329860362	-0.0030962865292470825	0.41588087818077535	0.06006670568530614	0.18069039973104328	0.9536804232741631	NaN	NaN	0.25815058479532166	NaN
0.07181768581989305	-5.972591213626971E-4	0.3301178251362432	0.04166458989010489	0.1277413293714431	0.9177730464403091	NaN	NaN	1.7514619883040936	NaN
0.15068131559370562	-0.0032490763106710007	0.3807906075561996	0.04130997893543151	0.3422242309384706	0.8355900807410068	0.31767115	18.744768	10.729700292397661	353.0
0.13183312845271392	-0.003935888581927384	0.40362117552950305	0.014960635057655243	0.03756283144769928	0.986181813116333	0.05691965	19.997395	11.859320175438596	120.28571428571429
0.1274069655983001	-0.0013496471012228077	0.5020513979641914	0.08944364429164538	0.02039148946121182	0.8914334580478432	NaN	NaN	0.18611111111111112	NaN
0.13067914464303568	-0.001180700236926317	0.475974598456547	0.08079797601792747	0.24117753726359248	0.7980831090701935	NaN	NaN	0.2811184210526316	NaN
0.016179400279103626	-0.0029375365817660318	0.35763216357160343	0.03843272290174732	0.19382406507375566	0.7623440658858254	NaN	NaN	0.3589912280701754	NaN
0.11828861301265021	-0.004893579212740542	0.5255822704571298	0.021313794398386855	0.3686005567091068	0.7545282885906864	0.27946436	19.564846	8.975226608187134	204.25
0.13068536890399063	-0.0011550806971217691	0.4787477196051243	0.056981795592977225	0.15372888932776058	0.9331319551178716	0.14227676	18.483925	3.8821783625730997	NaN
0.03973447522475678	-0.004795815840180798	0.40974094936294325	0.04920552311760913	0.29058004973842666	0.8160234011490044	NaN	NaN	0.27046052631578943	NaN
0.1137064650633778	-0.004025682408112807	0.31979931100606185	0.027752615276868703	0.4857294672503196	0.8016937129050147	0.25236613	23.980013	10.859627192982456	315.5
0.10617686616408659	-5.501261570513582E-4	0.45956534587391396	0.09303137994256172	0.3010347277823768	0.8662346070821964	NaN	NaN	0.18116959064327487	NaN
0.08645910258324106	-0.004468520276529843	0.35890579004859213	0.07630172296851913	0.2973323766955318	0.7937603612265789	NaN	NaN	0.1864473684210526	NaN
0.011136983556308046	-0.0010696251260680105	0.5412395015144361	0.08150107570928729	0.12613308812119572	0.8255717688445874	NaN	NaN	0.13755847953216374	NaN
0.10312530665885791	-0.0047628008227093375	0.3501665225787153	0.029371640367984155	0.21059578152331493	0.8593708095082497	0.19174112	25.1964	9.600146198830409	274.3333333333333
0.1259249554237484	-0.0036708593499245193	0.33825569176333214	0.047053342484105344	0.1567883277816952	0.9663942926711478	0.16197175	21.102821	7.786622807017545	NaN
0.099357566278968	-0.0023748547173627634	0.42482247545011587	0.04532356266169306	0.4994404048676124	0.9552807610783655	NaN	NaN	0.6779970760233918	NaN
0.15585159064501264	-0.0011975776703757684	0.4845466296568788	0.019577576815757076	0.4346443022413338	0.7548742897195648	0.52310264	12.859636	14.611052631578946	183.75
0.015875019205349332	-0.0047303209213829705	0.37544481798624874	0.11896624491018928	0.28278132059850025	0.9087767368950987	NaN	NaN	0.09432748538011697	NaN
0.01321921914692676	-0.0030202405163945855	0.3895982165686478	0.13500983196860836	0.47680323982377026	0.8162807344168107	NaN	NaN	0.08774122807017544	NaN
0.022164653021968052	-0.0016513594144288812	0.30518072063235485	0.08481506777740713	0.38827264853080384	0.8730621296232823	NaN	NaN	0.16317251461988302	NaN
0.11401455333574267	-0.0015633335750894356	0.3937494474507486	0.004719039594140601	0.001596819382633664	0.7906141408516767	0.29596728	17.626686	15.086308479532162	112.0
0.010760277762123351	-7.852787278880956E-4	0.38292404436656524	0.06890710246978413	0.37694515775910614	0.9225170149205517	NaN	NaN	0.188640350877193	NaN
0.03271668267971766	-0.004728378638226838	0.5249424409592282	0.13809728307934724	0.016628160053072095	0.9141250261793334	NaN	NaN	0.07910087719298245	NaN
0.12959350031634773	-0.003426157183186918	0.4650538378809338	0.0337022267051686	0.2663803232169567	0.9477056757066404	0.15646575	20.012838	10.182580409356726	300.0
0.053686094173346015	-0.0012650992929346583	0.34718001464135256	0.04257861981104843	0.051112728512895604	0.8792902114195417	NaN	NaN	0.6685818713450292	NaN
0.01849480151271299	-6.749862926196048E-4	0.32509661814463564	0.09931722723749804	0.20930239577725046	0.895015539819884	NaN	NaN	0.13387426900584795	NaN
0.1382158608693989	-7.965218175554156E-4	0.44587956219080405	0.06043385209892505	0.05722242283667844	0.8912996890040189	0.29650304	16.365822	7.156016081871345	NaN
0.11606945895389545	-0.002896555635189768	0.4243186517968732	0.05736901925324909	0.27558369822171785	0.8042585439653456	NaN	NaN	0.5928508771929825	NaN
0.13350379840881407	-0.00282586245241178	0.4861813945954805	0.038124333006026676	0.16968722039723144	0.8530227408372049	0.28255212	19.146894	10.700796783625732	261.3333333333333
0.054881958301809614	-0.003912747736226405	0.3088424461303707	0.12704501028320145	0.048646210248196035	0.77945070919605	NaN	NaN	0.10318713450292397	NaN
0.0835447214961015	-0.0046438704698873925	0.5070761702579321	0.10174580946082216	0.09933536572087091	0.7727754812485584	NaN	NaN	0.12394005847953217	NaN
0.06615400341003899	-3.2210341053571395E-4	0.33240707884274556	0.05867286161232587	0.4821061348779187	0.9833079229908521	NaN	NaN	0.3242543859649123	NaN
0.062244589872118866	-0.0016148690977547924	0.426960238863329	0.1291539861086539	0.44455294133797385	0.8000030930888077	NaN	NaN	0.09654970760233918	NaN
0.07001526704632635	-7.544664581518307E-4	0.4783546515374299	0.04802872436511068	0.36924621251754697	0.9747556746076125	NaN	NaN	0.533296783625731	NaN
0.08592360933464228	-0.004848054785931092	0.38490938795804513	0.03973640406361068	0.13482043892117723	0.7532184466857699	0.25714284	24.63798	5.165657894736842	NaN
0.03374249598745515	-0.004757209384908465	0.3398259558442902	0.018902325651451397	0.35651398394347594	0.9609479328102069	0.05014139	74.870415	3.14140350877193	NaN
0.1258030711713496	-7.576871494031212E-4	0.5265806136087448	0.046480889571713035	0.07253375506833919	0.8622048906047468	0.34985122	16.66991	12.246425438596491	360.5
0.0383815662973572	-0.0013659879722716971	0.31348586190835903	0.07402907988688694	0.1827323067050956	0.8109248214655028	NaN	NaN	0.20461988304093567	NaN
0.13106096240661633	-0.004481620612426327	0.41420808125793307	0.033988804820104454	0.31324357890458526	0.9525944299768028	0.14479166	20.467583	9.383230994152047	192.66666666666666
0.15366852744238796	-0.003238169061919625	0.5193747202989962	0.023403667795037972	0.24807186399083742	0.9771113192159776	0.100431554	16.559444	11.401951754385966	164.0
0.13959407682145142	-0.004562200803270699	0.39665378740744867	0.09839190391606523	0.3202475040704075	0.9554736797979502	NaN	NaN	0.16069444444444445	NaN
0.13224975636935474	-0.0035210195721717104	0.37769472373051977	0.03820638338554865	0.21107361207244862	0.7933687482415837	0.33593002	20.308912	10.524619883040936	279.0
0.09673965030646672	-0.004696867548251646	0.5179048319882958	0.07075464715200626	0.4471450918138179	0.9276482190605824	NaN	NaN	0.19578216374269006	NaN
0.09684770937936828	-0.004389440368436942	0.4024906431320342	0.04010275827362231	0.07812247946920096	0.9642582069246046	0.13982892	24.543547	6.848998538011696	NaN
0.02188722140943544	-0.004737877849008391	0.3707785630084843	0.022479379343774128	0.3415169238663736	0.9696123534642778	NaN	NaN	0.7849926900584795	NaN
0.10822784643288166	-0.003419474752754948	0.3622722908321412	0.027518867389825702	0.18776165876575784	0.929559854010535	0.14302082	24.05059	11.413413742690059	233.66666666666666
0.05915168904812185	-0.0024613821021346603	0.46690335092217927	0.13147977614855158	0.4243144582589766	0.7781244823871657	NaN	NaN	0.09353801169590643	NaN
0.01759370038150699	-0.001664015336039038	0.5086513191965257	0.12264893859121934	0.10210058600821624	0.9309141160452584	NaN	NaN	0.09673976608187135	NaN
0.021081261224510758	-0.004935655705878399	0.44428696010287394	0.07744859204028237	0.4828481935202157	0.8185794481489692	NaN	NaN	0.14236111111111113	NaN
0.07437115028479444	-4.660812437882277E-4	0.33602803888727556	0.04941873351003306	0.1993073574001677	0.7737108268171329	NaN	NaN	0.7364546783625731	NaN
0.033739210372162	-0.0035966118316559928	0.5199660884555175	0.0794187236215527	0.22043753991973009	0.9990977704368451	NaN	NaN	0.1422733918128655	NaN
0.07923928863546115	-0.0026827277628644858	0.3082641217464701	0.04140741810369701	0.2147902802608479	0.9670494025691285	NaN	NaN	1.167595029239766	NaN
0.01742611069212377	-3.857879701721949E-4	0.5173498670849837	0.12100216070543494	0.3328365478449256	0.7734175733481121	NaN	NaN	0.10142543859649124	NaN
0.04272445942229163	-0.0030991013643890644	0.4221151549816354	0.025822508280583294	0.10416099149549789	0.8877280766978607	NaN	NaN	2.3500877192982457	NaN
0.08979945672391186	-0.003521821186457466	0.305926603598945	0.14018949067367617	0.33047537969122875	0.7932786544577698	NaN	NaN	0.1007017543859649	NaN
0.031695327546877546	-0.0023873447918591633	0.3719722349097042	0.07902670475352513	0.3984351212712727	0.8507923180480035	NaN	NaN	0.16135233918128655	NaN
0.05720027727858787	-6.609967885028811E-4	0.33499735522922586	0.12340308184757227	0.3963582222109014	0.823029103685569	NaN	NaN	0.1164108187134503	NaN
0.0596809689618725	-0.004009003889338141	0.4361747744743527	0.022832241978408427	0.1911647891091292	0.9791824635909213	0.07675595	38.42387	8.578201754385965	427.5
0.015611629551002183	-0.004355775385127006	0.3730314764387819	0.04762021850560253	0.062134131696276955	0.8696633035288883	NaN	NaN	0.25511695906432746	NaN
0.05208037504509048	-0.003972282089907816	0.5218070467576641	0.07680772211664566	0.038310353797746714	0.7984678510347096	NaN	NaN	0.16307017543859648	NaN
0.11485156849874703	-0.00484227370772029	0.33010836826250417	0.06381791498969729	0.3994081144724525	0.8704164002475647	NaN	NaN	0.3239035087719298	NaN
0.044040801793444655	-0.0043369346088499615	0.3324789091025394	0.0921841256048146	0.36464722954335194	0.7895393360239147	NaN	NaN	0.140906432748538	NaN
0.14834340795186712	-0.003278494874063109	0.39271646074945	0.0737392693537262	0.2597853911280387	0.8173935710183383	NaN	NaN	0.32732456140350874	NaN
0.047053809603549074	-0.002809789409013754	0.3621165114113918	0.10160106866146701	0.45536676665334636	0.9624546106468491	NaN	NaN	0.13218567251461988	NaN
0.11610886933855591	-0.00461467368248036	0.38792444536477166	0.03204167485729139	0.3554426994036289	0.8845036232974968	0.19270836	22.923128	9.254035087719299	341.5
0.15015192103925876	-0.002692827194125344	0.3672516994481415	0.12990108693553062	0.26826866009959704	0.8683902401264733	NaN	NaN	0.11964912280701753	NaN
0.07049491950265045	-0.003305424127341063	0.3176214663374835	0.09726032461764096	0.15219635221239053	0.9561948971320202	NaN	NaN	0.1480482456140351	NaN
0.05298522785368042	-0.004833448411933904	0.38069921621442465	0.0324590914773959	0.13055533355993992	0.8438518459085367	NaN	NaN	1.0662280701754385	NaN
0.09257278896325263	-0.0020704447794584234	0.3631421924407507	0.11570599026230952	0.14908726351065044	0.940157467745756	NaN	NaN	0.1358918128654971	NaN
0.11101626391445084	-0.001082999724926137	0.45084869287312834	0.05112593130463206	0.38472742718558384	0.9319283614232483	NaN	NaN	1.204078947368421	NaN
0.01213802835023173	-0.0038763592357818027	0.3561491665195843	4.1401466319174825E-4	0.14242919463935766	0.8772591451886109	0.01436756	141.42009	10.865694444444445	296.3333333333333
0.05759301863565651	-0.0020948283140873386	0.37307380897814113	0.08776923566282213	0.2204422552599709	0.8494488556436373	NaN	NaN	0.16484649122807019	NaN
0.07579300966820686	-2.468389670430609E-4	0.49313918390957423	0.11457213224617427	0.01806719305253267	0.8915238817344733	NaN	NaN	0.12179093567251462	NaN
0.10374388147093513	-0.0010870790502893735	0.47297387131212165	0.047611589085084415	0.2734360632201905	0.8164099080802845	0.2512723	21.223864	5.611637426900584	NaN
0.08570870787021345	-0.004911476740393995	0.4383718557051427	0.033477688418320294	0.48326892931236165	0.9509395237162068	0.120974734	29.678804	5.8840497076023395	NaN
0.15418479431160445	-0.0044581406653509585	0.5053135231928446	0.08909531941233806	0.08872353920553798	0.7849889403172039	NaN	NaN	0.19986842105263158	NaN
0.1263401537069255	-6.759462687298506E-4	0.4133879297616544	0.011010402427440339	0.4392223868624753	0.986298060596429	0.05755952	16.706465	15.015102339181285	187.75
0.017237931850059646	-0.00487409807785094	0.4476140611106342	0.019845021777815244	0.23327674481795324	0.8498436936379137	NaN	NaN	0.725672514619883	NaN
0.017610330567554906	-0.004236809238724429	0.41059125376548244	0.10585486792897672	0.40653930865568183	0.8901249038593029	NaN	NaN	0.11138157894736843	NaN
0.027132617770624194	-0.002647738935319159	0.3933754021934501	0.12145322244266916	0.20324875419580446	0.8892201189336542	NaN	NaN	0.1022953216374269	NaN
0.030879939486008562	-0.003473896141682668	0.5436127149267633	0.03126752961019455	0.04946437406470799	0.791044819388882	NaN	NaN	0.5691812865497076	NaN
0.03949330146748388	-0.0018976088707011107	0.38687042135834704	0.00928136242583025	0.3025455227198067	0.7776510329083057	0.1275	49.223656	13.627682748538012	282.0
0.12838567492871894	-0.004531509884011167	0.5083559622539915	0.1220559293394304	0.3996659839000848	0.7706605891963938	NaN	NaN	0.09781432748538012	NaN
0.10471574730187594	-0.004113306945103077	0.38935400301389356	0.03124761557946649	0.37316303295228814	0.825724756800444	0.23253718	25.02983	9.468230994152046	423.0
0.037757501993653665	-0.0017467718232018093	0.4257438469824397	0.019623547613161006	0.357535390818585	0.8601865822448459	0.10811013	49.6362	8.244042397660818	NaN
0.11939171404914911	-0.0033596555669078497	0.37536677887869047	0.08366484755519593	0.13319460973248648	0.9405381438782245	NaN	NaN	0.22247076023391812	NaN
0.1507154897261274	-0.002199250076328731	0.47024125984617093	0.10843160942135667	0.4478463469489604	0.9726828083413547	NaN	NaN	0.14434941520467837	NaN
0.15296378523850784	-0.00442757715263337	0.32758922003467755	0.0665962477099633	0.42577703078357837	0.8620202956008113	NaN	NaN	0.45630116959064326	NaN
0.13909965006908845	-0.0033405779675408226	0.4072241248346399	0.013039805549523985	0.12742884344771926	0.8937761792868889	0.17011908	17.754032	12.824904970760233	123.14285714285714
0.09537607623729713	-0.0027834513789876383	0.3794143479993193	0.009913113185456178	0.40148215636269186	0.9653232940923524	0.062328864	25.375656	13.464576023391812	197.5
0.012001380838591333	-0.0018160949615642964	0.4671958917723448	0.04801087382612083	0.1851854515864667	0.8192340935996647	NaN	NaN	0.24655701754385964	NaN
0.12163294919592521	-0.003181426671591133	0.5460579029868986	0.030268363966541752	0.04777387980142	0.7779233638321577	0.32357898	19.238205	10.266695906432748	186.0
0.09494284932532357	-0.004212608545157125	0.37572215939465203	0.10539959092331541	0.43933053502052827	0.9416715831752137	NaN	NaN	0.12576754385964914	NaN
0.07088692974369186	-0.0022846020865849026	0.38761267218261874	0.07854138142981439	0.04213890844184753	0.791960822890443	NaN	NaN	0.19429824561403508	NaN
0.1457908979688862	-0.0010571989139986826	0.33476056482645117	0.08629471127121509	0.023157395750666932	0.7510266912554022	NaN	NaN	0.3417909356725146	NaN
0.14094840880411322	-0.004591190429056098	0.3109789857856216	0.03096383588314137	0.14036277605919456	0.8576692634758938	0.24776044	19.365324	11.030730994152046	190.75
0.03239482291442441	-0.003951556854207304	0.31380723408696587	0.13994299455474782	0.05894001941004811	0.7742298300518023	NaN	NaN	0.09141812865497076	NaN
0.053943815765941344	-3.8072173250301147E-4	0.5420663945587021	0.07710316630071848	0.21816100133891825	0.9225042612098575	NaN	NaN	0.18335526315789472	NaN
0.13380255391211182	-0.002254666177124663	0.40796286419094674	0.10235744802430458	0.44975145159974206	0.9387213064584617	NaN	NaN	0.15567251461988305	NaN
0.05524534752539856	-0.004283038708697323	0.3350618361462043	0.13215953824420462	0.1629884588668658	0.8827792469284166	NaN	NaN	0.09642543859649123	NaN
0.14033750642110043	-2.237122694393017E-4	0.5046404014046953	0.0879975410776202	0.37103144872351557	0.8521373258702526	NaN	NaN	0.23788011695906433	NaN
0.01575430653260431	-0.0034292823765543854	0.48189754356577974	0.11962397340004016	0.06333842289285678	0.8402507268928738	NaN	NaN	0.0910014619883041	NaN
0.06780867499016253	-0.002988919099246705	0.3211932123916311	0.08910708447487355	0.31766250018290687	0.7965882072159888	NaN	NaN	0.16054824561403508	NaN
0.11714170251564619	-0.004969261129551673	0.39232739158218	0.0672495713537927	0.06520594770722936	0.8551676042734302	NaN	NaN	0.38139619883040937	NaN
0.11767918760652075	-1.7258643510913377E-4	0.5322365052098945	0.019606151600213364	0.25811325205254343	0.8904936096470923	0.28934526	13.797821	14.71765350877193	160.8
0.0607336002175331	-0.004033542462532682	0.4332330431858423	0.11650465279097691	0.35962844809091277	0.8598087780947757	NaN	NaN	0.09769736842105264	NaN
0.05813381642353446	-0.004365919399264982	0.4478666182873934	0.1240562873022785	0.06488488980604944	0.9239180332983189	NaN	NaN	0.08971491228070176	NaN
0.15337531029308865	-0.004981300470166277	0.3449319873160431	0.08320583276307626	0.0313299561950151	0.9924808128751492	NaN	NaN	0.26461988304093564	NaN
0.12066368239962526	-0.0030493146074085423	0.5323518119568467	0.027154022577801373	0.4300462014241942	0.8247659478501975	0.26651046	19.964336	10.495321637426901	281.6666666666667
0.13781743073637573	-0.0010063982232249046	0.3923471507443459	0.10087088290481543	0.4364833280299324	0.9813319083200459	NaN	NaN	0.1726169590643275	NaN
0.10302660884576913	-0.0018825842658884218	0.46717486434836286	0.025455525276427873	0.43606937548655944	0.8130493774042566	0.2763096	22.063534	12.767046783625732	293.3333333333333
0.10093827147439786	-0.004874381629152813	0.45992332435489935	0.03448557632918445	0.38746835967955306	0.8501609388733076	0.20114584	25.492054	7.505219298245614	878.0
0.04224430744985265	-0.004601173549179631	0.4625519461236022	0.0725959546907401	0.33547893095758496	0.7987317550916485	NaN	NaN	0.15889619883040937	NaN
0.1104511227280505	-0.0017320007043625596	0.31113847029455144	0.11284539928643983	0.20424183048481093	0.8846598973476385	NaN	NaN	0.14318713450292397	NaN
0.020662833434225487	-0.005032742837438327	0.35773385218778925	0.10214000018559578	0.3980022101585915	0.9753804192034001	NaN	NaN	0.11039473684210527	NaN
0.0496414087461063	-0.003568578200607247	0.456358418069747	0.13241245312177488	0.1455489757450698	0.9872254661910572	NaN	NaN	0.09170321637426901	NaN
0.14403048834509713	-0.004995561421632544	0.4725148037166196	0.04838572529810138	0.41096058059032886	0.8570261650492322	0.22774556	19.73146	5.158947368421053	NaN
0.1401376292883225	-0.004014982199130331	0.5066212464178499	0.08271951480058203	0.3586937767854864	0.7616101661823982	NaN	NaN	0.18867690058479533	NaN
0.08303752368966592	-0.0030559750517518704	0.4304307601890706	0.0389418344780293	0.06756613070490695	0.9492316963641535	0.1429985	25.221636	5.898333333333333	NaN
0.06474158103956756	-0.0017411605025796494	0.5357131934598323	0.11675764771671221	0.2839492987049361	0.9052557482246186	NaN	NaN	0.10553362573099416	NaN
0.09881482527610504	-0.003306782752222893	0.518123144721721	0.09370902027511213	0.04858979801750778	0.8374118939328906	NaN	NaN	0.1589546783625731	NaN
0.025927307879959366	-7.57137542604952E-4	0.328610647928018	0.047500489029628466	0.4189270866449595	0.9971613670574043	NaN	NaN	0.32864035087719295	NaN
0.028503921513200525	-4.8167859961150463E-4	0.3252757387811883	0.09501915759001417	0.09554217909137834	0.9659273434765511	NaN	NaN	0.15100877192982456	NaN
0.10076463978818365	-0.0014350695859573787	0.4610133569619439	0.041747626610848375	0.4893382201012248	0.8025862485125385	0.22485115	24.379786	5.506842105263158	NaN
0.13918840272453	-0.0028429822470243445	0.4254015216024106	0.10712155371778788	0.2880594312060665	0.7703885471943246	NaN	NaN	0.14984649122807017	NaN
0.07973230439662216	-0.0020514014872924187	0.4322816811181536	0.07681132416647124	0.3855666879812754	0.7727713473110852	NaN	NaN	0.20135964912280702	NaN
0.017217106847229866	-0.0023707057849450606	0.4595627916160334	0.023953629779776893	0.07461217991139633	0.8629617917089256	NaN	NaN	0.716703216374269	NaN
0.055156925463126866	-0.002098360056117888	0.31261629107983135	0.08222510489141588	0.2093393576794489	0.9981868009436763	NaN	NaN	0.17758040935672514	NaN
0.09525215266239946	-0.0028405711600524284	0.4228523061860553	0.13019386910538844	0.3639564245240936	0.9062586142415378	NaN	NaN	0.09930555555555556	NaN
0.15484833992051647	-5.329681679297781E-4	0.314781469977914	0.029619527147516023	0.4315145910344055	0.9775717125759439	0.13202381	12.56375	14.225562865497077	240.33333333333334
0.08124007600233678	-4.06915540934854E-4	0.47714453281062486	0.10596793435173174	0.16492085559445835	0.8956193513771538	NaN	NaN	0.13667397660818711	NaN
0.04789804891556081	-0.00451945627196734	0.3610736370838687	0.06718976587972861	0.4906253489500936	0.9422300278620989	NaN	NaN	0.1891812865497076	NaN
0.09193215059994009	-0.0033034906956801295	0.47324540312110774	0.046264440882243386	0.36417615026504235	0.8022673297962044	NaN	NaN	0.796578947368421	NaN
0.08256668409675341	-0.0020773946590306094	0.33757456350890236	0.008771429083107189	0.16230061420612502	0.875681170943578	0.13868307	25.682425	14.515855263157894	161.8
0.05857014940405804	-0.0022409834856147613	0.3111255858543486	0.05611485432316876	0.2555572478492742	0.9109136348752547	NaN	NaN	0.313296783625731	NaN
0.15070777190255744	-3.7306486647998286E-4	0.3100042282371189	0.05144530496928027	0.20205229594784857	0.7928361410400655	0.596957	12.654242	12.702858187134503	310.0
0.11390655226908979	-0.0010146547037381225	0.5484164029326452	0.05590260284703062	0.3803106997822275	0.9649335479354558	NaN	NaN	0.5730263157894737	NaN
0.15925916219103967	-1.8553355300621402E-4	0.5187009535491164	0.001808587976710198	0.1081530720996952	0.7903798369767087	0.60440475	10.488782	15.810380116959065	97.55555555555556
0.08784343806041525	-0.002738813738724549	0.5347791709205414	0.1277894548960495	0.1053146612889581	0.9102141732282055	NaN	NaN	0.09637426900584796	NaN
0.02697984643618425	-0.0013415881906073978	0.47440714124340133	0.005579350363637196	0.36744398924634575	0.8509872880916733	0.0660119	64.77672	13.97550438596491	315.0
0.033652058102752916	-9.969168512453546E-4	0.30312786530488495	0.018182876817810837	0.15587030268371527	0.8551888465715155	0.11152532	52.680096	10.610723684210527	NaN
0.06381901439884498	-0.0036451381642164903	0.4416265098004329	0.0720428880077433	0.23489876045054459	0.878386653018512	NaN	NaN	0.18068713450292398	NaN
0.1279752506017231	-0.002036897357804281	0.4879917076498394	0.10441595710451566	0.0310885258624508	0.8394273383152946	NaN	NaN	0.15485380116959063	NaN
0.03107557033601714	-0.0030268817364312627	0.5223444222027455	0.006002852035881829	0.4576351015645978	0.9581036413586677	0.031235114	62.502113	10.237397660818713	361.0
0.0856177060568554	-0.003950905759708636	0.4165483496448573	0.04237226922221638	0.36319752123752463	0.8764420698780673	NaN	NaN	1.0489400584795323	NaN
0.02284037288880965	-0.0033089830143554193	0.4398654987062365	0.08536683915176714	0.38580172351340114	0.8799822128407429	NaN	NaN	0.1340716374269006	NaN
0.1544942115442767	-0.0015569595134232632	0.47904001180958067	0.0016608398705138105	0.3372716138318673	0.7580987768759115	0.43325886	13.145763	15.214612573099414	128.85714285714286
0.10310991750696619	-1.1719943362359478E-4	0.4704233311382841	0.07027546516544242	0.1163827964837199	0.7732734197806617	NaN	NaN	0.38898391812865496	NaN
0.15703378941070203	-0.0014470704234634175	0.43240400462782963	0.06413210379118499	0.26493333255789947	0.7781864500483373	NaN	NaN	2.5570833333333334	NaN
0.1284192142640881	-0.005079345104423179	0.5290548984611017	0.12377568935494199	0.19145009016829667	0.7932190463607509	NaN	NaN	0.099546783625731	NaN
0.021827929043539442	-3.8224014976764024E-4	0.4240058663305545	0.09002376959191341	0.30450592223823875	0.8513045186375126	NaN	NaN	0.1464327485380117	NaN
0.032863010380953496	-5.241710299281038E-4	0.4360076483414529	0.09644350773625841	0.41975614005051526	0.9096290687209504	NaN	NaN	0.1355921052631579	NaN
0.05336370568062757	-0.0018992822664679453	0.4913572574102106	0.009835914628356857	0.14089463023857318	0.9702665289322894	0.04864584	38.417034	13.266966374269005	211.0
0.050958589804764615	-0.0024386882189078906	0.37066018611286067	0.07407787525409239	0.1098003488268952	0.9829616486062338	NaN	NaN	0.18594298245614035	NaN
0.11829800178741395	-6.477522993907647E-4	0.3486325842409356	0.01315789555350388	0.18115063051831076	0.8106980037932096	0.36832598	14.89517	14.932587719298244	136.0
0.05394979192674305	-0.00245465481642727	0.4615878400334211	0.1166170619293973	0.3936126751048289	0.9718616485617761	NaN	NaN	0.10358187134502923	NaN
0.08390658133868958	-0.0015973349236771727	0.41166740117201484	0.058105019674665116	0.48622246289475063	0.8054220675040418	NaN	NaN	0.35491959064327483	NaN
0.07686092747257446	-0.0031163946870948304	0.36399225874755015	0.03977040778955233	0.3834885597431148	0.7979983992021494	NaN	NaN	1.1600877192982457	NaN
0.07808219770728178	-0.001846860078888537	0.4899282452785009	0.07877106902393194	0.24582547774248042	0.9235801679543337	NaN	NaN	0.19140350877192983	NaN
0.01688068813579109	-0.004632309200503628	0.5392396806063293	0.11651276831258157	0.1387714604255748	0.8493658190903577	NaN	NaN	0.08544590643274853	NaN
0.15055845947241364	-0.0013256875456150652	0.38668773902125897	0.11716329778225608	0.11166047794979332	0.9502260649867139	NaN	NaN	0.14585526315789474	NaN
0.08849024045109076	-7.313885980125384E-4	0.525715211283695	0.13555571552818363	0.3265176997208496	0.8319675717396002	NaN	NaN	0.09598684210526316	NaN
0.051901604215678264	-2.065225832135014E-4	0.5473204155534189	0.024459559242386394	0.1343889877629844	0.7713597683381317	0.2644792	29.574808	12.818201754385965	365.5
0.07714604798042998	-0.0011337279891346847	0.5256011084531629	0.12818887505386434	0.038492124522145725	0.9320074425498636	NaN	NaN	0.09939327485380116	NaN
0.06023986713766115	-3.457937181000763E-4	0.38025393204811325	0.08611273969209392	0.40182268323736803	0.7770342488118096	NaN	NaN	0.18198099415204677	NaN
0.04128704626089465	-0.0035004932920588362	0.37852466080610137	0.10547655579751188	0.4774305893939879	0.7763396146913697	NaN	NaN	0.11499269005847955	NaN
0.07569056588448214	-5.335446250557112E-4	0.4456668327396785	0.11032583367993323	0.24971086066538956	0.7512711805855583	NaN	NaN	0.12127923976608188	NaN
0.0219572400416341	-0.0035539820286131975	0.45029693686422356	0.06069913665515732	0.1478691430338528	0.9780060824805783	NaN	NaN	0.1928874269005848	NaN
0.06899757300996062	-7.693616094779054E-4	0.3635183008307916	0.08973133950666667	0.11231032630587932	0.7720629504867338	NaN	NaN	0.17600146198830408	NaN
0.13041879210734136	-0.0033523678336213544	0.383176278498326	0.09314550481056622	0.28107790727062837	0.8761979050965691	NaN	NaN	0.1781359649122807	NaN
0.014007226036292588	-0.00418418102129188	0.5349269462611872	0.053731955677641725	0.1975979327354656	0.9477168034031953	NaN	NaN	0.18913011695906434	NaN
0.09677713804091359	-0.004466411057503858	0.533241113179996	0.04689205354802629	0.4897507442777829	0.9259245534732474	NaN	NaN	0.5034722222222222	NaN
0.10328836661500346	-0.0015998870275343768	0.3492847151424887	0.053894878966446944	0.21153681400614238	0.767212845894192	NaN	NaN	0.8579239766081872	NaN
0.07684864973255492	-0.00503686621905813	0.5105442172413504	0.09404563370841985	0.08609043151759448	0.8120601324646874	NaN	NaN	0.13069444444444445	NaN
0.042442478104589024	-0.0030594352611721335	0.4637988601431877	0.01904017002035187	0.31723306431268494	0.942101335814517	0.07979913	48.60613	8.393099415204679	NaN
0.08027288453186823	-0.002391510318826143	0.5387462575744356	0.13208209677263225	0.10679192385391327	0.7552576927890762	NaN	NaN	0.1008845029239766	NaN
0.041452635098445816	-0.0029698042906374047	0.49239878204579934	0.012224206034944184	0.3981204014686003	0.8657555291137817	0.08677828	49.770866	10.17720029239766	385.5
0.15020541396197434	-0.0010696616029141986	0.3628891462290449	0.05737889545378931	0.3701650546553434	0.8934825271600175	0.2458407	17.292738	6.373918128654971	NaN
0.020785144352934	-7.783988484639403E-4	0.5271264506483775	0.10069221367848702	0.4994863465665585	0.9625249841207916	NaN	NaN	0.12000730994152045	NaN
0.14382367727940504	-0.004739754633434419	0.40687012809234685	0.011819441879689238	0.34425079775922635	0.8126126002379801	0.24529019	16.901678	11.111059941520468	156.0
0.025885596755395195	-0.0023505997617776406	0.33724805094295845	0.01405949133214361	0.049703792843169996	0.994500206437073	0.046316963	68.89419	8.248384502923976	NaN
0.13333739839193556	-0.004601981494661022	0.3160155825305959	0.08443883690856638	0.2302739021291738	0.7626891223817226	NaN	NaN	0.2179751461988304	NaN
0.04620119116157577	-0.003431973530579944	0.3493812864621211	0.02747895295825327	0.11145806479814784	0.83720294717587	NaN	NaN	2.4423245614035087	NaN
0.019216437407300585	-0.0014432051883901864	0.41492869674874705	0.12948474730412535	0.4631377786449551	0.8329724483516923	NaN	NaN	0.09804093567251462	NaN
0.11391395945661315	-7.632284424554869E-4	0.3559268395975652	0.10136312634213267	0.4840601780170549	0.8275577050465496	NaN	NaN	0.16383040935672513	NaN
0.12093308140759247	-0.0035552962460875612	0.4664981732084828	0.06398411976732547	0.2999058726841223	0.8689682323355443	NaN	NaN	0.3566739766081871	NaN
0.013184795118949008	-0.0035693198384357536	0.3290240844305927	0.14135189804640075	0.47061260441199754	0.7779782128607653	NaN	NaN	0.0885233918128655	NaN
0.08566215413353107	-0.00324074014042273	0.4346055708582098	0.08393560397461516	0.30832692015270147	0.948036170710616	NaN	NaN	0.16447368421052633	NaN
0.11288583972248414	-0.0032661814925692327	0.4831204686140002	0.00565272260111388	0.03834500787109029	0.8893189284301625	0.13114579	21.201647	12.342565789473685	98.5
0.03209135015659039	-6.108044346969593E-4	0.48065661978482166	0.10858949324520648	0.38045009169693317	0.7870782891462892	NaN	NaN	0.11348684210526315	NaN
0.09453908141988883	-0.002319378136125025	0.33105035655591597	0.05362812318910021	0.43686286754598713	0.8327949864225965	NaN	NaN	0.4934576023391813	NaN
0.0747657193529796	-0.004831756337182745	0.41258738666008177	0.13093114803038952	0.3812387463254938	0.7861260503672834	NaN	NaN	0.09350877192982457	NaN
0.03248175863802681	-0.004248545334022317	0.41626351770342396	0.09756587050169269	0.09735284230015538	0.9567650032932854	NaN	NaN	0.11525584795321638	NaN
0.15422412584264722	-0.00489355988467634	0.5044589824836962	0.06745074133756611	0.19883052461197742	0.7654053235525804	NaN	NaN	0.6068640350877192	NaN
0.04514431863320517	-7.998025121669433E-4	0.42752494958717036	0.07894020591207383	0.3159645094389278	0.9084998413057986	NaN	NaN	0.17714912280701753	NaN
0.1295820725914474	-0.00436318254858002	0.5151549038196312	0.09556147504729792	0.2917040265135259	0.830655562791442	NaN	NaN	0.14042397660818712	NaN
0.12475451794997193	-0.004305397037707706	0.5120268260299855	0.045158132789375874	0.32663880825150643	0.9437262332760173	0.17207587	21.21763	6.585482456140351	NaN
0.12317422355239058	-0.0024410832974943236	0.35603300202558175	0.11862015127339541	0.3285012453597966	0.9521141816415883	NaN	NaN	0.12383040935672514	NaN
0.06777141480976101	-0.003215653972183772	0.5484101832027499	0.07478270611565681	0.3925793725335964	0.827837825595853	NaN	NaN	0.176593567251462	NaN
0.1413914483564238	-0.001964650356069771	0.439659478162443	0.13040833600672294	0.1886178239465145	0.7666495604722057	NaN	NaN	0.1145029239766082	NaN
0.11990576024572558	-0.0017228809356712499	0.4226878928069684	0.05053591551743271	0.4913638045661788	0.7622071657049115	NaN	NaN	1.1869152046783626	NaN
0.08193120427510339	-0.003796302898417662	0.5349651298353533	0.07714911379243937	0.43591159572927346	0.8100357160991016	NaN	NaN	0.16485380116959064	NaN
0.017698520227856833	-3.00195015650006E-4	0.46749223038094534	0.006006778350262285	0.03636740876858207	0.9470107022477594	0.036636908	76.443436	14.06815058479532	336.0
0.07532655870199913	-0.0012966649920767598	0.4583145834801154	0.12166375023537401	0.39399320761190126	0.857309017629198	NaN	NaN	0.10928362573099415	NaN
0.15330704225974462	-0.0028503082151326627	0.4284394470026318	0.05592571375368522	0.3667230989107316	0.968394817769207	NaN	NaN	2.1494152046783626	NaN
0.1478280935628809	-0.0033146666612196337	0.39506698080843705	0.061114371186525324	0.13955077900088259	0.793532124326392	NaN	NaN	1.6133845029239766	NaN
0.06038852027977446	-0.0030001311997540224	0.36071045526746015	0.057114473019346405	0.4494666356946999	0.9226645171039576	NaN	NaN	0.27228801169590644	NaN
0.133484528737879	-0.004326620750052763	0.32223212123186756	0.11893304623105112	0.09002398913845021	0.9551124910859964	NaN	NaN	0.12171052631578948	NaN
0.06677324420612347	-0.0018866240263840533	0.48419073615469954	0.01378132084827558	0.3708173977051277	0.813467351586833	0.17441963	30.928493	13.19968567251462	243.66666666666666
0.05560172113809004	-0.0010252714486941837	0.3897888752822093	0.08100450363336979	0.3936811126361501	0.9230826290583953	NaN	NaN	0.19230994152046782	NaN
0.08398528526357275	-0.0025576403946563743	0.48669440987873114	0.13870425104648773	0.24872035353941296	0.7796736672859832	NaN	NaN	0.0926827485380117	NaN
0.09165636313811637	-7.975041886790912E-4	0.4661331051610786	0.08194893068898527	0.03376587804975555	0.8144465623239305	NaN	NaN	0.21747807017543858	NaN
0.10459607153975913	-0.0018585872512588287	0.3119163720711257	0.09103059060044945	0.17582607531221633	0.8818203469957491	NaN	NaN	0.20122076023391813	NaN
0.13119953242630591	-0.004135851668501378	0.3619601601428116	0.12944320256082617	0.4338693976490978	0.9558316719720209	NaN	NaN	0.10292397660818714	NaN
0.1558864259387887	-0.004391537158577851	0.35181315093305493	0.08991934498639581	0.2010110682721793	0.9935886546513402	NaN	NaN	0.2090716374269006	NaN
0.03330680496541661	-1.0412904290459815E-4	0.5166625360198174	0.11292310616568811	0.39904540591134063	0.9352573627528369	NaN	NaN	0.11166666666666666	NaN
0.06234554245287888	-0.004818004148682534	0.4321072852787354	0.13906325332086036	0.17834165457048168	0.8118278553651144	NaN	NaN	0.08171052631578947	NaN
0.13871567437786037	-0.0015214713290948995	0.41203600737945767	0.11172591204800067	0.4464257598399642	0.9128418326829123	NaN	NaN	0.1423684210526316	NaN
0.1501504271980713	-0.004429912899748551	0.534541546483424	0.06825046466690222	0.05506046327816271	0.8641147620924559	NaN	NaN	0.5086038011695907	NaN
0.09193734586765104	-0.004541747071159227	0.4197380627336131	0.10676205991254878	0.4702059941094117	0.9797153932001117	NaN	NaN	0.11921052631578948	NaN
0.1339472141565373	-5.353614337803801E-4	0.34037860550827176	0.06856141427278449	0.3347251169021069	0.9067554521797212	NaN	NaN	0.5236038011695907	NaN
0.0803391674406295	-7.867638461436265E-4	0.4415303558020124	0.1291463563197085	0.2488593422858787	0.7862936343062494	NaN	NaN	0.10401315789473684	NaN
0.15999592100686028	-0.0027965977262820745	0.4064483398148462	0.08554444119639842	0.03805485351735543	0.7684887684513284	NaN	NaN	0.2915204678362573	NaN
0.15046525008002176	-0.004141877447581932	0.31486213157816867	0.058873515750584554	0.037300646170107025	0.8663858979795037	0.30022314	16.948034	5.94547514619883	NaN
0.140042964140358	-0.00421720235398591	0.3477890405665451	0.1057742450105929	0.4923412719137569	0.7559424214007676	NaN	NaN	0.14503654970760232	NaN
0.01669696045926046	-0.0037415628508986596	0.5308147184483054	0.10058958618183704	0.3934601930929118	0.8123744535678512	NaN	NaN	0.10211257309941521	NaN
0.047150963140027355	-0.001003786327386707	0.5496105639116009	0.09857037619263263	0.21045537909487233	0.9461208932606061	NaN	NaN	0.12986842105263158	NaN
0.0337513658181451	-0.0045601994128908006	0.3468273407722028	0.03379016834463599	0.4673403823122752	0.9588968238644077	NaN	NaN	0.4449342105263158	NaN
0.15814318116055065	-0.0050245884501520215	0.41592649451576374	0.08433845060562546	0.47253372374393654	0.7988703321972407	NaN	NaN	0.21022660818713448	NaN
0.06247471500866272	-0.002379767717618477	0.37296250463315317	0.015368042352421772	0.23111677623295218	0.7580986761520689	0.19794638	34.599957	13.045701754385965	226.33333333333334
0.11731006033895965	-0.005053171812573852	0.48275904974281836	0.10999483187829559	0.49735246525172416	0.7783692975636086	NaN	NaN	0.12357456140350877	NaN
0.01790956749651597	-7.313522455973759E-4	0.4177446666678649	0.11133723300972839	0.05120814673707196	0.8285967565749064	NaN	NaN	0.11535087719298247	NaN
0.06257813632840933	-0.0034199923915010505	0.3803146521102898	0.08624609839456707	0.2861986156455541	0.8272351093860204	NaN	NaN	0.1592470760233918	NaN
0.09969809470281057	-0.003701287918320374	0.5478185698523261	0.015777218810826808	0.09747846064570208	0.9828013543882805	0.06244793	23.708117	10.20861111111111	158.6
0.1484568403576803	-0.0030979328697607177	0.37095969431499703	0.0551176532329035	0.3397238168776995	0.839814069391064	0.30398062	18.153782	6.165570175438597	NaN
0.017530616886252917	-2.5548462223692274E-4	0.44482427708026395	0.09457038068271555	0.35084720476457315	0.8831948073613237	NaN	NaN	0.128859649122807	NaN
0.019756361109645085	-0.0016199637155983725	0.5181951120860625	0.09506132247161155	0.4878166788816744	0.9826398861146508	NaN	NaN	0.12077485380116959	NaN
