0.4416860883963961	-2.2478824780553788E-4	0.3658999870472823	0.04311646080852819	0.937076146965252	0.8079479179714874	NaN	NaN	2.4281432748538014	NaN
0.24290935864019353	-0.003975070731927057	0.5199056266637898	0.06185374859750344	0.6613577783833535	0.8681681881258628	NaN	NaN	0.8040570175438596	NaN
0.12746480435439222	-0.0027872317157703846	0.5466033880770499	0.03587125535578118	0.651047953135974	0.6449908445531494	0.45196432	21.135094	9.012441520467835	NaN
0.27305290643971625	-0.004224096299788704	0.4308005168021224	0.12417316018586003	0.3351815768046633	0.7715663473024015	NaN	NaN	0.1576608187134503	NaN
0.285693290172581	-0.002484998169745034	0.39063078693123965	0.05812027581439352	0.1682229112379554	0.7947537189850932	0.6849405	9.899424	12.83782894736842	177.8
0.37376545448761056	-0.0028574299004370755	0.5252916900364114	0.03865464600133979	0.5302411224102819	0.6296023334245407	1.2630655	7.179834	13.031761695906432	204.75
0.4072935521508785	-0.002352009597441046	0.4756010242029013	0.03565820887933272	0.35267850707040865	0.6593912006438386	1.3532658	6.3097324	14.351169590643275	129.14285714285714
0.434782641757432	-0.0018761539179205423	0.3281315501735473	0.10072554857828034	0.4442830970871493	0.91442003520449	NaN	NaN	0.7836476608187134	NaN
0.3569799878217389	-0.004308824854674331	0.42337873424819306	0.12418571001945108	0.5462319615469765	0.6102828664869651	NaN	NaN	0.18714181286549708	NaN
0.43550533679032444	-0.0026962197135936613	0.4905558149349088	0.08074005098268666	0.8838126107786494	0.957185439735676	NaN	NaN	0.5511403508771929	NaN
0.22908555708710415	-0.0030714967624667646	0.520968408246796	0.04099657702233322	0.9997628121761002	0.5391377819679347	NaN	NaN	0.8950073099415206	NaN
0.25226541007965975	-0.0012951385276373283	0.35249147545231724	0.03328678650301592	0.09239775694787208	0.8896446411763246	0.41622773	9.004774	14.748355263157894	118.0
0.19597555941683947	-0.0028603085279945858	0.42516809040669945	0.08316535886598955	0.8788912283233847	0.6788480518840212	NaN	NaN	0.22982456140350876	NaN
0.43265810662680393	-9.628564861072974E-4	0.5123028300385583	0.021039204582072958	0.1459014823353331	0.6569066409629365	1.8501563	4.940683	16.070533625730995	88.7
0.22611968423641143	-0.0018111881175720923	0.4992842181061978	0.1254797786720913	0.9174986731560301	0.7366179178516209	NaN	NaN	0.13746345029239768	NaN
0.3196511595502618	-0.0022690884562486416	0.4896087233627895	3.7658329231423445E-4	0.39519174804725576	0.6227366990695326	1.1806697	7.005802	15.129100877192984	108.75
0.18087525826884576	-0.004466238416834509	0.4417817331102838	0.042532376699620324	0.12968938414007045	0.8198827137731788	0.36890623	14.904817	9.674283625730993	188.0
0.22531964813772007	-0.0030673916985639723	0.533745250028714	0.07332967676444403	0.9452056631437648	0.7500723514499146	NaN	NaN	0.297843567251462	NaN
0.23882979121435927	-0.004912197216667801	0.5017531158367231	0.05836813931463496	0.9212047515840539	0.7453956105403046	NaN	NaN	0.3899561403508772	NaN
0.20400671182374236	-0.003783019820306495	0.4959263836901249	0.03254369299284295	0.7621657752031444	0.7227743273923508	0.48611605	14.295991	9.90344298245614	665.0
0.19415810705438805	-0.0020467782540951715	0.4845373145980286	0.10187986250852107	0.46608223308330954	0.6035981606980714	NaN	NaN	0.19896929824561405	NaN
0.1074738773178062	-0.004877104406714914	0.44707146133722275	0.01490248217126763	0.6967790611583704	0.6798010376281862	0.29738092	21.715994	9.673216374269005	347.5
0.23086938213545635	-0.004082727292568213	0.43270440348959566	0.07075031606237916	0.33197308982276924	0.9040040347915971	NaN	NaN	1.0964327485380116	NaN
0.27018095514425455	-0.004243969693211861	0.3856215294937755	0.059221412563495335	0.5015001839544314	0.9600454817670252	0.21423368	13.335704	8.965087719298246	NaN
0.23805189143615438	-0.001748055769442527	0.3229439267346204	0.029160356409968096	0.05011022022845232	0.7528137107034045	0.70862347	9.537998	14.737602339181285	107.625
0.3712241463872604	-0.0023813938498814056	0.44045793606154166	0.05999271400527124	0.8035110560131944	0.9049997336176941	NaN	NaN	1.5515350877192982	NaN
0.25226798764657266	-0.0037083041435334117	0.34815474321970097	0.014714371122030362	0.6309780715756714	0.8113407735327632	0.43797627	10.513155	13.554422514619882	221.0
0.30066213395223756	-0.0024753874632137234	0.4332647606700257	0.1005556002579914	0.9728074274316821	0.8372125488359368	NaN	NaN	0.2450657894736842	NaN
0.1921094453888587	-0.003522812485078585	0.35623144856093747	0.04207951552541481	0.9265823868578853	0.753069411483499	NaN	NaN	0.9415204678362573	NaN
0.22197366119165002	-0.0010615680780481128	0.522342920905345	0.11526473995872934	0.8959025986496871	0.825181606133983	NaN	NaN	0.16432017543859648	NaN
0.1865932526778566	-0.004951865525399882	0.5426771456806648	0.0766925530866384	0.23307582951981975	0.5782752462770919	NaN	NaN	0.700219298245614	NaN
0.21921621046621736	-0.0026644683107892014	0.4059872186102895	0.11124431444075797	0.8308346591465477	0.7598727182874694	NaN	NaN	0.156140350877193	NaN
0.1935600723152709	-0.001655206054929344	0.5432447342211362	0.05155801513875157	0.6146092431603782	0.9581305417057638	0.11994787	17.360228	5.980884502923977	NaN
0.3470940833075181	-0.0037741207850602145	0.4680785683722788	0.10814101732099855	0.7778808094318641	0.6044839280735343	NaN	NaN	0.22709795321637424	NaN
0.1065328661026244	-0.0032647995580212114	0.39531845400644416	0.1356438650083824	0.10996562909149711	0.7650776770975765	NaN	NaN	0.10293859649122807	NaN
0.2645954470995667	-0.0026960225295023493	0.3015222315009381	0.05492808685900162	0.15292785961292715	0.9373734523259921	0.30063242	11.254816	12.891535087719298	184.75
0.40860041151181414	-0.0024758588201243157	0.43269491559751433	0.013675761764705563	0.25762474249034784	0.602993334371068	1.5330358	5.9525366	15.09266812865497	98.44444444444444
0.22812136988039625	-0.002206090416611329	0.4965788695273271	0.1382635976257796	0.9967119886577214	0.588245933769797	NaN	NaN	0.11498538011695907	NaN
0.39981030612393875	-0.0021800273555759616	0.5478074361262418	0.004238414099072726	0.2435820675094492	0.9792789359177771	0.09492558	10.253669	15.151929824561403	96.66666666666667
0.14810628164477632	-0.0015564730174553458	0.43098875446703866	0.11316992532954497	0.4933554696743268	0.769742507883425	NaN	NaN	0.13885233918128656	NaN
0.1002886749070138	-0.002763246942821206	0.3982598639477517	0.09601245873210361	0.4376552983080338	0.7615012978804001	NaN	NaN	0.14521198830409357	NaN
0.27401785858711886	-0.0032110964598994597	0.5470804505483507	0.08987741923512008	0.2049998163575245	0.630505792356574	NaN	NaN	1.2750804093567252	NaN
0.21484853818704663	-0.0025082220541881913	0.300795755553071	0.12870771617539237	0.14005456495464147	0.7335706706987699	NaN	NaN	0.14883040935672515	NaN
0.3163254224302594	-0.002741577531903208	0.49778385910067957	0.11656411593640989	0.1574673349593834	0.6015917452150827	NaN	NaN	0.3112280701754386	NaN
0.18620628982346635	-0.003577523753997693	0.49552616496955026	0.1097986077350096	0.009150871418492098	0.9106815495927515	NaN	NaN	0.1570029239766082	NaN
0.39053976288038195	-0.0025846447112108425	0.33863350111264945	0.08242434924844484	0.7326234690252033	0.7757761834072385	NaN	NaN	0.6795540935672515	NaN
0.21309568878175467	-0.002308259632682267	0.42637392780484645	0.086524912666475	0.8847281583527603	0.7883551350625682	NaN	NaN	0.2642543859649123	NaN
0.1277534100983578	-0.0018514669538115603	0.3864513937354272	0.019012850928859373	0.23850244842491813	0.8488543234635868	0.2649032	17.068108	14.259327485380117	165.8
0.26655110477219757	-5.228705224238633E-4	0.4202646571752096	0.10879098801444159	0.5578207333576268	0.8889104071584486	NaN	NaN	0.2527558479532164	NaN
0.3382489988532358	-0.005087296987102495	0.45743998066014246	0.04813716941003069	0.03680767604017051	0.8634578416715972	0.46879464	8.749321	10.415701754385966	119.71428571428571
0.30242678238755005	-0.0042529936626645405	0.4076045083839417	0.06657901511180815	0.4687969331187824	0.8285540134469234	0.4938392	11.719447	8.918223684210526	NaN
0.43969459667890076	-0.0028065940315131193	0.4378940224414575	0.0057097704015829295	0.21022621345292095	0.6292143715472196	1.4643598	5.67102	15.022251461988304	87.9
0.4408261809915629	-0.0026844695842888682	0.3600318041821264	0.11528668710183827	0.34010434332099837	0.6600178126003575	NaN	NaN	0.5383771929824561	NaN
0.31920854799700227	-7.742983047891183E-4	0.5296563128360158	0.026922468461194244	0.9479642422621333	0.7482503352867462	0.34863093	20.200386	5.464290935672515	NaN
0.2635355675332497	-0.003261449122983209	0.4283146958425389	0.04400725663503995	0.367839170364391	0.9492856595077641	0.23124263	11.094301	11.997902046783626	207.25
0.33915256173680325	-0.003368187538279827	0.5497958553725223	0.13886948309208816	0.11819563250526666	0.6520887833852844	NaN	NaN	0.13844298245614034	NaN
0.11878818853128875	-0.003736191662337933	0.34358902717020606	0.09318975123654127	0.8085148178250271	0.9204397785478307	NaN	NaN	0.1655921052631579	NaN
0.3199003163058556	-0.003940254873989708	0.3497777234676588	0.10632153298631274	0.8796722905219033	0.9549195895700614	NaN	NaN	0.2222953216374269	NaN
0.4187305426933139	-0.003518527973552482	0.49889047851306745	0.05934954576966183	0.6029504331699743	0.5500200982929493	1.4826713	7.4939623	11.22122076023392	384.0
0.23903023180014604	-0.0018968028484463034	0.5036228355984544	0.048742123695492016	0.662708002242946	0.7490203040479411	0.62322164	12.256091	11.457763157894737	NaN
0.11881953650964015	-0.0049650933198216686	0.5051322811506916	0.04554449235907697	0.07858027403570594	0.7115282714083329	0.36569932	20.40016	6.878106725146199	423.0
0.3254046027319425	-0.0022374576767259465	0.39722144914254476	0.10583832509885786	0.42036147482204894	0.7107814841006006	NaN	NaN	0.31184941520467835	NaN
0.2800492053849041	-2.533209902930022E-4	0.4163146034259602	0.07718914549942549	0.7647689152886838	0.8618212637829519	NaN	NaN	0.655	NaN
0.19842346468460495	-0.003532566362846061	0.4820680447629522	0.0649519919301079	0.716406825584362	0.5503414478096624	NaN	NaN	0.4906944444444445	NaN
0.4343882850290477	-0.0012088166388841426	0.49282391747836574	0.007449565285749737	0.9425757569201231	0.8241280524324566	0.87731403	5.7201195	15.910826023391813	NaN
0.10738023392930171	-0.004776444493040004	0.48622599223097296	0.13442357659559756	0.9749705446289996	0.9242608526578382	NaN	NaN	0.09139619883040936	NaN
0.20110460128767926	-0.002897119338485639	0.3191904680543466	0.06494364589025581	0.7309239704135393	0.9572856695852474	NaN	NaN	0.4675438596491228	NaN
0.263297456190284	-2.3070408039099646E-4	0.30330918396995943	0.10669936143551366	0.06943539495087174	0.9389684780237184	NaN	NaN	0.36154239766081875	NaN
0.13675985624694142	-0.001951985839345861	0.3136191777189197	0.024766800125190537	0.2858459641013575	0.9075296642145554	0.20218743	16.82614	14.00686403508772	204.25
0.17588441309787795	-0.004267394441318656	0.3566835805024589	0.06140406359155006	0.3744605930260133	0.8028853217574246	NaN	NaN	2.4757236842105264	NaN
0.29457823586595866	-0.0024922191569447852	0.4109941891935235	0.11597022092871175	0.057387361439733886	0.717787047707958	NaN	NaN	0.30040204678362575	NaN
0.26133482727183965	-3.3595051720979534E-4	0.46094533822167333	0.06986450902640821	0.4451765709114731	0.5371848817634108	1.7583256	7.824716	12.693062865497076	508.0
0.3696246520642993	-0.0010776939333364938	0.46887937061667406	0.10253894691965268	0.010786366814457818	0.8199080053536061	0.9251412	7.9429717	10.938333333333333	745.0
0.3225713320427799	-0.0045109490460313465	0.32602305374581697	0.0946461579167391	0.6210103765591206	0.9290733136276031	NaN	NaN	0.32957602339181286	NaN
0.41477343835376146	-0.0024726140831714816	0.4872969924556623	0.05064930882858116	0.2741532000066692	0.8576362686835229	0.66566986	6.82905	13.620387426900585	145.33333333333334
0.4222445692264276	-0.004629430095568019	0.3709802789488508	0.0885530343982403	0.07959454574758838	0.6072738261924973	1.3272989	8.142563	10.102865497076024	205.0
0.27880564547501774	-0.00502017342392833	0.547764015807152	5.302911221378579E-4	0.8243379780965953	0.8823559006086601	0.24711314	10.37318	11.130665204678362	343.5
0.32030869074509605	-7.970527467291143E-4	0.43476037465727096	0.009242675910054081	0.18713782348078337	0.7370756903441712	1.1581098	6.2270737	16.04502192982456	96.55555555555556
0.1921431388819264	-0.003187667688040918	0.4652001338467555	0.09461074345004701	0.5658106612710028	0.7297659028793066	NaN	NaN	0.18703947368421053	NaN
0.4323208119161933	-0.0020316057511222856	0.5397194371708312	0.07812150493818104	0.4069617957780828	0.8718587204114354	0.64854175	7.387914	12.008362573099415	380.5
0.3077099304765616	-3.147453725711168E-4	0.5078941047398835	0.06680431064591592	0.4942485826737792	0.8236220310423947	0.87760437	7.0881076	13.0634649122807	593.0
0.4317510457819621	-0.0020204080904577875	0.3308338653347025	0.0015120965576681483	0.5364201852779338	0.9594301824283894	0.18079609	8.318776	16.089166666666667	135.33333333333334
0.2942062972469037	-0.0017898619050246184	0.4257245285712268	0.008766400976257187	0.5673411370923038	0.762548792145268	0.76551336	7.665332	15.427097953216373	163.8
0.21954058474672544	-0.004394888184582933	0.42894778506214193	0.13222253911470336	0.6451822876341974	0.8848115001270438	NaN	NaN	0.10894005847953217	NaN
0.42668846708570984	-0.0027911393906160423	0.4352786451092984	0.07575234473532858	0.4295302997014148	0.8276625309042891	0.7413765	8.014419	11.583055555555555	392.0
0.16690920230017958	-0.004571137813627233	0.4503415137913387	0.07259925953982574	0.7840422536598822	0.7362883207695987	NaN	NaN	0.2540497076023392	NaN
0.22476684761540486	-3.5771278920249664E-4	0.4923972929432734	0.04531343286901597	0.255708398497678	0.5023600996690177	1.8097769	7.7277946	14.450972222222223	158.6
0.25298956931833694	-0.0010694995005091706	0.3572557677763289	0.11590834088170886	0.3234789709628917	0.7085879116291114	NaN	NaN	0.24396929824561403	NaN
0.20196782121292586	-0.0019062793640172388	0.3879967156275368	0.03048737662558123	0.6907815982918423	0.7211157461320967	0.6346799	12.182988	13.64842105263158	430.0
0.11725457870418733	-0.0043092477516384516	0.36479735310679706	0.13546651885704988	0.6649397030159367	0.7059739145941117	NaN	NaN	0.1044078947368421	NaN
0.31084940027220515	-0.0013749492067773737	0.4317773391601086	0.03937213126272744	0.16767855726556283	0.8614920917043936	0.5931398	7.568213	14.762858187134503	124.57142857142857
0.2779048961249486	-1.761852181046796E-4	0.3388805177159435	0.09833177000493941	0.045511585495745764	0.7788490957718797	0.6948735	9.060073	6.650263157894737	NaN
0.34731825850121983	-0.004962628099797934	0.490627203024969	0.10901702825628916	0.7856686444366412	0.9628094500472637	NaN	NaN	0.1808625730994152	NaN
0.23139774050876663	-0.0041814858743012525	0.4775242743925947	0.0925644869331774	0.22762210717682635	0.5201326416052312	NaN	NaN	0.3913669590643275	NaN
0.2142656194670517	-9.370470941987313E-4	0.42416229028345975	0.08142251368804578	0.42435352415365835	0.7960310482633597	NaN	NaN	0.5705921052631578	NaN
0.3951240807024571	-0.0047693672418976625	0.3239294763355218	0.03808401893564817	0.030897986323558533	0.9622290799947654	0.21881692	8.22465	12.708070175438596	97.88888888888889
0.2391219788445165	-0.0022081847720470584	0.5089183940955458	0.0931097367586768	0.8550887341820426	0.722409813682585	NaN	NaN	0.2501315789473684	NaN
0.23487999861713707	-0.0012891896344578563	0.3143003115802975	0.01897140940320089	0.9215978618514121	0.8518321245668039	0.37647316	11.58482	13.507346491228072	NaN
0.39222541676754785	-0.001306213509250882	0.5152188235195244	0.0032036658784855426	0.29286953754651424	0.763305798581233	1.0822397	5.6936116	16.10048245614035	96.55555555555556
0.43122917507069214	-0.003324333751577148	0.36635369478203594	0.0097079462258467	0.22806990355619894	0.9381071549799898	0.2529613	7.3840475	14.78548976608187	91.55555555555556
0.31300579071422097	-0.005064229361861804	0.4466896337883205	0.07426828186601994	0.10551617594812826	0.9603217429674191	0.28238085	10.773938	8.38375	336.5
0.28411731802118523	-0.00346571540047614	0.46587569401683765	0.0532902197867482	0.9964403008050622	0.5899717363549039	NaN	NaN	0.6683918128654971	NaN
0.4189070328284541	-6.859143425581404E-4	0.3217786700281922	0.05723992426153456	0.2657096761124193	0.9335170884552351	0.50645834	5.63087	14.934839181286549	144.5
0.28317512817042056	-2.320577420528174E-4	0.30853793659700696	0.023426119124401523	0.041451422163413874	0.6602450159276768	1.6531401	6.0201902	15.86000730994152	81.4
0.14770208763238973	-9.769064416329126E-4	0.5194572128490331	0.0067246392571416735	0.592918026676373	0.545949712570692	0.9179539	11.847019	15.24547514619883	197.0
0.3820354869462522	-0.0016720444324549565	0.30247780359536564	0.06009234282070402	0.3803124532158538	0.5383616530363747	1.8857517	6.607053	14.154312865497078	196.25
0.41740001920682124	-0.004336039129551206	0.3775424668960547	0.09365794852532981	0.8881568025865079	0.7551572417387602	NaN	NaN	0.31684941520467835	NaN
0.1586914754704544	-0.0032352387946527087	0.383874762515149	0.08762265872557688	0.9658958374084387	0.7791476189690523	NaN	NaN	0.20399122807017545	NaN
0.27930233465058696	-0.004638744397986262	0.42177673140336125	0.11487027502544762	0.7138652309588602	0.5764286005935899	NaN	NaN	0.15013888888888888	NaN
0.32043556035163484	-7.691593590697532E-4	0.3929212411365545	0.015197343261014037	0.4560645142103015	0.5628304379770208	1.8845834	5.9561605	15.86449561403509	112.28571428571429
0.3889352061719107	-0.002399796123542182	0.316933609410272	0.11145874152884211	0.814330889522261	0.5988295130811652	NaN	NaN	0.3186111111111111	NaN
0.42124644271593437	-9.89161710424145E-4	0.4511898751832799	0.06311791597570073	0.6714645665469331	0.531007316048631	2.1526344	6.0986986	13.478640350877193	621.0
0.12656708102732253	-0.0015762013634433364	0.36779399581495265	0.08003593351602957	0.009091485878163897	0.68293385880314	NaN	NaN	0.3065131578947369	NaN
0.25162883812590864	-0.0024757834169796514	0.3734401592378194	0.11257740111463388	0.40285670698046294	0.7547206206588193	NaN	NaN	0.20433479532163742	NaN
0.3638157281164911	-0.0010634338639201706	0.4078443309327845	0.12690870397601586	0.822212151776798	0.8290764340079865	NaN	NaN	0.21678362573099416	NaN
0.13586244056917016	-1.8096617667029738E-4	0.38738577158656196	0.02977506873560349	0.33129861574246355	0.7240906323032497	0.7235564	11.807443	14.341644736842106	209.25
0.24545650095459834	-0.001349333392320588	0.4469968200070666	0.07903495437463931	0.1351203881617278	0.7366804071145804	0.8347843	11.192791	10.384013157894737	NaN
0.32938021195670775	-5.700786076454844E-4	0.3238601165967874	0.05317578099648687	0.021176481825517447	0.8041315122307515	1.0308706	6.3156166	14.81298976608187	118.0
0.1859631794799519	-0.004919878935594892	0.5065161939021966	0.035213763136108356	0.7682488993196055	0.7788266127613266	0.320811	17.424831	7.546030701754386	NaN
0.14957208987587395	-0.002890920240870964	0.47717102384664845	0.07547769042213805	0.23580097740030456	0.5784270667296041	NaN	NaN	0.4300219298245614	NaN
0.41854562716554244	-0.0038596771567586756	0.3996597308389434	0.10838422500816726	0.1094481640282205	0.9917196428930694	NaN	NaN	0.6617690058479533	NaN
0.3966990968831128	-0.004643893580616733	0.5212265383833216	0.1354282712824803	0.20930760386106617	0.9012687699014	NaN	NaN	0.1681578947368421	NaN
0.2804928971664284	-0.004657387606563478	0.32029712426791807	0.03514063869707823	0.7119067362937663	0.7260692788194429	0.62342256	11.115762	11.513048245614035	417.0
0.1778038038545317	-0.0011292922474077183	0.4512423050966684	0.015017326469325645	0.9859259411536743	0.7996592168382151	0.16282743	34.715115	5.90529970760234	NaN
0.22248827666595455	-0.003512443182689319	0.47897392823663	0.027616790546655168	0.18460765008728966	0.8266439053538648	0.40496278	11.56473	11.986659356725147	122.28571428571429
0.43551694579558575	-0.004968157435389773	0.5035070842325627	0.12877669621651575	0.5092255292201199	0.6092600006266815	NaN	NaN	0.1824780701754386	NaN
0.2912325179917723	-4.4430301413174656E-4	0.42651727160408326	0.09174931571575855	0.6906827591516178	0.5973659691853485	NaN	NaN	0.5089692982456141	NaN
0.10548600174916786	-0.0017324149425645657	0.38678633767394927	0.007930219060943917	0.8086385372435513	0.8929137384706443	0.14656994	21.01135	14.569634502923975	439.0
0.40419373693672245	-0.002229110448767537	0.3793545536860906	0.09260020528884651	0.9567157735166448	0.8723077446533286	NaN	NaN	0.4033333333333333	NaN
0.13079040382170654	-0.0022780125233224473	0.4384850251970981	0.04096355387526095	0.38982100309701906	0.7767958305191868	0.38481396	20.091587	10.95125	251.5
0.2625978462581109	-0.0026310113025812755	0.3082258029934467	0.07190080362140111	0.8760364319474483	0.7478088299026802	NaN	NaN	0.49245614035087715	NaN
0.3991589984971695	-0.001051534577832045	0.49666901258321594	0.09782214125834843	0.7873947602534114	0.8475523036421391	NaN	NaN	0.4658187134502924	NaN
0.33388027182710867	-0.003556518107306688	0.5229175600463319	0.08127469744647875	0.5639449540111992	0.937675511038532	NaN	NaN	0.7301973684210527	NaN
0.1890692442863262	-0.0025362789771873964	0.3554608511369798	0.10939686093098773	0.18546171903810835	0.6839557192566272	NaN	NaN	0.1973464912280702	NaN
0.3777400522123706	-0.002640192592391608	0.48003085146148505	0.09270420362711705	0.09072600767383773	0.7920347324482584	0.8564805	8.868726	10.31249269005848	372.5
0.11388368928338108	-1.1803972281426647E-4	0.3961787960038753	0.13922047568543153	0.05079127622292965	0.9486621905211112	NaN	NaN	0.11488304093567252	NaN
0.19066957024763298	-0.0013685478697060022	0.3086182903070798	0.11972517086432154	0.0802861898131155	0.7709044460097523	NaN	NaN	0.17326023391812864	NaN
0.4390680154069364	-0.002983845800735606	0.3598793160564764	0.08037422855071796	0.8578687716667499	0.7395780390481153	NaN	NaN	0.675672514619883	NaN
0.2523782964646836	-0.0031664577623702088	0.33978479224348396	0.09056717725957221	0.9179370023626087	0.5859047194377885	NaN	NaN	0.24264619883040936	NaN
0.16623599269333694	-0.002218663847112633	0.4986916550303183	0.05149258035915811	0.21216007483933308	0.5961456721329159	0.76432294	15.534614	10.948771929824561	307.5
0.17388609518212467	-0.0029064900214402964	0.49104401168260847	0.10400115467651584	0.4602387660345908	0.8177727871383468	NaN	NaN	0.15259502923976606	NaN
0.3292805628821961	-0.00203558269871582	0.5134990441460862	0.0054552620097877294	0.9992930030142085	0.673533730963391	0.7043154	13.43901	11.755131578947369	NaN
0.2712318715310388	-0.0030564671855698444	0.4443570658021962	0.06801388385470777	0.8828763747723187	0.5834581320310278	NaN	NaN	0.476937134502924	NaN
0.38217620002157604	-0.0010642532904947953	0.5041247208643331	0.0908694847831094	0.6032615685667837	0.6372677224153385	NaN	NaN	0.77375	NaN
0.3207254691661875	-0.002154187316906718	0.4183525629576792	0.044598727750164824	0.6397995487458904	0.7645622137806175	0.78574413	8.668825	13.398318713450292	373.0
0.17517651138890594	-0.0018303645367419464	0.3752219692312764	0.13377133692359885	0.7448625499651443	0.7922627862375324	NaN	NaN	0.12344298245614034	NaN
0.19146585909107566	-0.003490623480680175	0.4702366929391705	0.09693440884502039	0.4369944026661573	0.9187506764278401	NaN	NaN	0.1693640350877193	NaN
0.2660822857175199	-0.003985697549196097	0.5065457484225608	0.01511401919747395	0.09488698038828985	0.8435212322902885	0.3801934	9.842009	12.10342105263158	98.88888888888889
0.3984559710982948	-7.940507995323969E-4	0.4213492851087374	0.004018500311206077	0.6491819744021063	0.7775039851426677	1.1759751	5.320999	16.449934210526315	169.2
0.1960186119827541	-0.003493803691788279	0.5101997173479612	0.07056182880593086	0.5121919835589878	0.9909331745553547	NaN	NaN	0.41555555555555557	NaN
0.1250644384563402	-0.0033374337864738894	0.4322066990546926	0.04442981099117181	0.7255726924374983	0.6871860463370718	NaN	NaN	0.7945540935672515	NaN
0.22473617788577574	-8.406128643627364E-4	0.30980573772705516	0.0268723894214257	0.5473881420447141	0.7876693847642651	0.68340033	9.035768	14.813823099415204	220.0
0.12681711624545547	-2.4004064259785786E-4	0.4581944732100663	0.03731369547325249	0.8428221690952175	0.9758982581243469	NaN	NaN	1.510906432748538	NaN
0.4188402339958637	-0.0014222846041433684	0.33733418838237594	0.10572582452398611	0.7361594743145319	0.8405813737957776	NaN	NaN	0.42621345029239766	NaN
0.34954581615516356	-0.0028016322426367563	0.5458326171138268	0.01691676912214726	0.3690549480121771	0.525950168819866	1.5144569	6.839862	13.813318713450293	113.0
0.4175521350929562	-5.643742150916352E-4	0.35256174810220053	0.027248303355275862	0.18422077541106402	0.5018242662380971	2.9219496	4.6197324	16.13739035087719	96.55555555555556
0.42377952208712544	-0.004493706093432976	0.431733506609531	0.013042422586273047	0.6021079702999683	0.801015731506321	0.6743078	6.7786717	12.90875	158.0
0.41462186409551083	-0.004146891656530131	0.49778944463271535	0.12567841457617282	0.016846860234099585	0.6935940152069506	NaN	NaN	0.41321637426900587	NaN
0.3339329408142182	-7.371610530354506E-4	0.43200728078556105	0.1396559745224334	0.7384945690777572	0.718157746268704	NaN	NaN	0.17769005847953218	NaN
0.44183619971314414	-0.0035490897195613862	0.4565572053534684	0.13663869225982936	0.4312344161471653	0.9224212922580067	NaN	NaN	0.177953216374269	NaN
0.15532994058969424	-0.004819378249739682	0.40894181528986956	0.07953817771992418	0.11626293542635821	0.5678913087993274	NaN	NaN	0.3839327485380117	NaN
0.3692058363352775	-5.858274851907446E-4	0.4896321976204514	0.0773006000527108	0.3485246998486483	0.8758899288775728	0.7468232	6.5705013	13.192200292397661	357.0
0.25439401235846143	-0.0022460986913370715	0.42429406054874014	0.02836826963210229	0.4557803692960833	0.6703202327043047	0.88587075	9.393299	14.139407894736841	179.8
0.34936591839504766	-0.004284109603729942	0.42452680559442857	0.07937008315515749	0.014939925604299667	0.7529488340875926	0.82827383	9.309764	9.815160818713451	192.0
0.10744574039401879	-0.0034846095644336774	0.534476956746808	0.02091263886480648	0.09690592358460587	0.6121188406379771	0.41820678	20.118328	10.41373538011696	124.33333333333333
0.17898822627099348	-0.001743912513367809	0.37621795816785913	0.02427190791515232	0.3478417175782874	0.6591620326946819	0.7302234	12.136513	14.442777777777776	157.6
0.31146680628584367	-0.004434633960310323	0.3023107523691438	0.04910262100923731	0.09889934298977089	0.7377447569641911	0.7553571	9.717058	12.236703216374268	133.5
0.428079229474987	-0.00494166556648565	0.3265932656060757	0.034174700369638614	0.36248268307035203	0.5002921437703334	1.5970756	6.76403	12.771644736842106	122.42857142857143
0.4359226699619745	-0.005061953770506469	0.49282987375563525	0.042704840891632324	0.531743759554227	0.5687565310047461	1.3753941	6.7318926	10.771184210526314	179.0
0.34892707821096436	-0.004167761731646118	0.4384401690093448	0.001574749512885529	0.6489458206261509	0.831538405532706	0.46764144	7.9568443	13.298442982456141	177.0
0.24828099675460663	-0.004447174874504203	0.3368963183075221	0.10801998964155171	0.3428730466276512	0.9974733582077596	NaN	NaN	0.1920029239766082	NaN
0.4201617261726821	-0.0018412330360034384	0.3765230848621778	0.050045347291565796	0.5965075309936528	0.5655513850200127	1.839635	6.262156	14.349795321637426	253.33333333333334
0.3372201669105733	-0.005038179339989014	0.43606765019835403	0.02459075447429906	0.8328422906943656	0.945452287958642	0.1796726	10.305977	10.562244152046784	609.0
0.1579059325729826	-0.002715230744932324	0.45345936818929744	0.05145957682736242	0.8837112511407256	0.8100218947317914	NaN	NaN	0.601140350877193	NaN
0.15669239232371712	-1.4969059334646087E-4	0.34530264954739887	0.12625715799111012	0.01677150124830732	0.6933717892666329	NaN	NaN	0.15154239766081873	NaN
0.33532128144818646	-0.0029762100227772796	0.3617084666592226	0.1325081347163667	0.6676986770256528	0.8951927744764078	NaN	NaN	0.1762938596491228	NaN
0.3709880993413853	-0.0017270113233582934	0.3566597962074929	0.13506736988658993	0.9849484426435947	0.7768984653184492	NaN	NaN	0.1907017543859649	NaN
0.19399179894828888	-0.0014477261047084755	0.34502971182728326	0.007659961290626359	0.9149139709090129	0.8630677289953634	0.32321426	11.954418	15.049115497076023	833.0
0.2457433019844037	-0.00508337645469182	0.5171535083616158	5.345736850557209E-4	0.8072059511810288	0.7029774879584207	0.5547617	9.777649	11.10283625730994	291.0
0.20553911036407402	-0.0010365066659555582	0.4032426622048638	0.01685212694340111	0.4180854094579366	0.8233923910691926	0.51048356	9.893617	15.158530701754387	159.0
0.25243919657070446	-0.003731494720720991	0.4473804598924386	0.058525319400339455	0.5493634876897502	0.772725234996847	0.4906772	13.655139	8.230387426900585	NaN
0.3496265913913412	-0.002703972803153446	0.5130399175418221	0.050146566088268084	0.2403847156570209	0.6366583563797726	1.2360342	7.6639166	12.898881578947368	140.83333333333334
0.1343629166386058	-5.597389575048317E-4	0.3344129256772008	0.009672266062306699	0.588949645971035	0.5007158415075069	1.0392631	11.964427	15.172244152046785	202.5
0.41508631580839805	-0.0026106395882324125	0.3849558795155061	0.09435494556581987	0.6180218373442211	0.8614319746770744	NaN	NaN	0.5851388888888889	NaN
0.42023101073724023	-0.001452072927263987	0.3027784944588916	0.08462411274522401	0.6287853626237003	0.9959421742710421	NaN	NaN	1.283983918128655	NaN
0.2042910646197289	-6.638336124921395E-4	0.462385917998015	0.10620914419926243	0.7360569577795791	0.8022350790888193	NaN	NaN	0.20257309941520468	NaN
0.41772195756244523	-0.004018191227995113	0.4711051194879228	0.1066779261706152	0.612902764803618	0.7170942659598933	NaN	NaN	0.2988450292397661	NaN
0.12709503775348302	-5.009242245991057E-4	0.45277893715789796	0.023043417977187834	0.26986668324448504	0.8150061488905335	0.42030513	13.73454	14.494802631578947	176.4
0.373021658869667	-0.002386475261122639	0.37920783200401176	0.10338405850336542	0.14867488488281527	0.7340372294551144	NaN	NaN	4.355343567251462	NaN
0.40968042671298344	-0.0019607723638555177	0.4137923287111017	0.04315560608360354	0.1560042667295158	0.7698456265149158	1.0430133	6.3058186	14.738230994152048	109.75
0.24415550569526454	-0.0040172563021775385	0.3710282536149536	0.12157117362649665	0.0321358514977177	0.518483460429006	NaN	NaN	0.1660233918128655	NaN
0.16547322843673984	-0.0023353582343800965	0.5483018624273747	0.11002831159633657	0.7212261834212454	0.7353003033835079	NaN	NaN	0.1382309941520468	NaN
0.1553633198836752	-0.0012175076004442731	0.44291013191340545	0.11090890886952211	0.06047897946676844	0.849842547127462	NaN	NaN	0.1599342105263158	NaN
0.2799304974939152	-0.002151557301874535	0.3916999841809594	0.07741720145764724	0.057199060021489175	0.5348672792178699	1.3750824	10.210715	11.777945906432748	226.5
0.12706815116110365	-0.0034804684984048365	0.5142041151035155	0.09560809352654583	0.4962527825070029	0.6570952202237546	NaN	NaN	0.15100146198830408	NaN
0.34845205107651445	-0.004909792253848832	0.5028946568384548	0.07995224824002688	0.3808911755786726	0.8346987159887165	0.5182888	10.464497	7.180672514619882	NaN
0.261097524866897	-0.0019348398025217355	0.5481420415211671	0.044153312287862644	0.32233084738699636	0.5242765467200878	1.3516816	9.042337	13.360818713450293	170.0
0.1769337107432795	-0.0031017959759917016	0.3468366930557495	0.008348898213429571	0.06724256935328803	0.851664748612986	0.267686	13.904562	14.21093567251462	104.75
0.40373548899439815	-0.004068069281522598	0.4453059571127741	0.003070127127646516	0.7947425093403688	0.6657660606623304	1.0725669	6.474667	13.477909356725146	273.6666666666667
0.2575551200869014	-0.004943978155868594	0.5312573260749518	0.10358981531129051	0.08023657053417252	0.622982079201444	NaN	NaN	0.2420248538011696	NaN
0.20991638983746608	-4.868821063821937E-4	0.3998391766575129	0.0646491188019738	0.7625848379586667	0.928071595237957	NaN	NaN	0.6595906432748538	NaN
0.2182838111774766	-0.0025958967988849607	0.433588397481854	0.038514020907571264	0.6628127540321772	0.5525422797731432	0.944256	12.247703	12.329758771929825	412.5
0.19041607700744162	-7.955896430805631E-4	0.4498066582300163	0.14028132436783772	0.7795959182116827	0.7971562405140009	NaN	NaN	0.11742690058479532	NaN
0.2632785256427639	-0.0031850921541875907	0.525766481094335	0.050138971406978296	0.3732389675413706	0.6448739627777094	0.8890179	10.407015	11.062339181286548	236.66666666666666
0.34025379021903435	-0.002708847805237615	0.517809020046834	0.032604630034974484	0.18171117176115428	0.9845966020358106	0.14513391	8.503079	13.494166666666667	115.57142857142857
0.22288841134722764	-0.0037300507818972743	0.3747879413550175	0.013742188498756996	0.8769349489565744	0.9553492677982267	0.11066966	14.172975	12.588808479532164	673.0
0.37068783744043965	-0.0022704144679276277	0.32608945437959924	0.08901806627893973	0.04780163855285519	0.9319733809930322	0.44151038	9.138452	11.397280701754386	341.0
0.41627070670440336	-0.005042323105098167	0.3654855907696954	0.06224281696948913	0.3179858406198096	0.8247955000862202	0.66376483	8.036013	10.893033625730993	186.75
0.24917053494839472	-0.003523091819731803	0.43194498487909133	0.07229082065068633	0.2979534032344808	0.5108840173552449	1.058125	12.55509	8.769576023391814	719.0
0.2967885279803605	-0.002896826379945323	0.40903864566835135	0.057749646556855154	0.6029472997123966	0.9280988663324417	0.2745461	12.218299	10.258179824561404	NaN
0.2414230209394031	-0.0031674199803018786	0.5142633216145472	0.01897532355173701	0.11410256787891618	0.8058300867077723	0.4649926	10.275409	12.837426900584795	100.33333333333333
0.15030128485382924	-0.00218612323233059	0.5162061201208896	0.05028073342576917	0.53261710776384	0.5496877292971962	0.69034964	18.250257	8.780489766081871	NaN
0.3473976359435508	-0.0046578218250910835	0.4504537316213165	0.047128596763171375	0.39235853877202803	0.648970526472411	0.99275285	8.324966	10.862478070175438	171.4
0.14922397347159105	-0.0014199730047103802	0.37818983793011807	0.07361102833275437	0.4132005261676594	0.803958889858754	NaN	NaN	0.3822441520467836	NaN
0.27831582141853795	-0.0018147816396411236	0.40492530507683255	0.03545346302841909	0.05458162426741196	0.5293450960398622	1.45	8.13409	14.604108187134504	101.875
0.43080791001355434	-7.957118886616304E-4	0.5103867891177646	0.1399680280914497	0.5687673241233661	0.7457608882433361	NaN	NaN	0.23819444444444443	NaN
0.13520171780986567	-0.004380274431587035	0.3555880096065295	0.05839121230602483	0.7584676620244497	0.6246608076751433	NaN	NaN	0.376016081871345	NaN
0.21648389154314415	-0.0021480242386867107	0.325081554336048	0.021871628274176238	0.06044905967416355	0.9649743877681545	0.14080355	11.778438	14.711747076023391	109.75
0.12037658563626534	-0.002011042126362025	0.4636119189803459	0.12992971176035656	0.8513935460943441	0.5010970507069348	NaN	NaN	0.1018421052631579	NaN
0.2703101964997262	-0.003388427680210317	0.4583580128810385	0.024803104152949958	0.8953743631824643	0.830030142464784	0.35657743	12.427988	11.000270467836257	NaN
0.19223664525821044	-0.003990450426462258	0.4438771580329637	0.14093579985654187	0.3122823473498923	0.9958238508108385	NaN	NaN	0.10057017543859649	NaN
0.4085813206022071	-0.0035652979107653917	0.5341755933340742	0.08058922766645191	0.07985808780934488	0.5378812998664048	1.6097912	7.3993716	10.605065789473684	125.83333333333333
0.21030684424979962	-0.004444537272121042	0.36918181045710774	0.06067835071091266	0.9192864514526289	0.9380405647206675	NaN	NaN	0.40674707602339183	NaN
0.26947968313387427	-0.0024145235529617203	0.30465885325864167	0.038401232700413554	0.03591798348916807	0.5424970266469191	1.2667853	9.064263	14.305928362573098	112.0
0.26204540528963244	-0.0020715032531081964	0.39034749134478164	0.06287819299921596	0.9678493033476104	0.6773309997329278	NaN	NaN	0.5989327485380117	NaN
0.43129094082619723	-2.2888298559470548E-4	0.5101901262277212	0.1120945676213297	0.1596587678317981	0.7703706197447369	1.2095091	6.096782	9.403947368421052	NaN
0.21516908992349382	-0.004336270133598828	0.42687188103859747	0.08810362818935137	0.5442047906326501	0.872993738372907	NaN	NaN	0.2178362573099415	NaN
0.3801551227352642	-0.005050996032418917	0.35587358171864186	0.12325395353018237	0.6519189885018071	0.7898360305340505	NaN	NaN	0.18253654970760233	NaN
0.24937632422816866	-0.0037428732082769936	0.47872476136917136	0.02962501470938896	0.6341136838707206	0.6547453308712632	0.757604	10.62047	11.511535087719299	274.6666666666667
0.12358904757173371	-0.004590210911682753	0.45235499688990605	0.026759488991134554	0.19836094161988702	0.7811621813792331	0.28488842	19.72107	9.615994152046785	183.5
0.3892654484170829	-0.0031773296114580795	0.3292691163547524	0.11694955925598002	0.21459241154138706	0.5938066447248254	NaN	NaN	0.6012134502923976	NaN
0.17409193823311858	-0.004878044519775572	0.4188350475634619	0.007953241994675942	0.6159072504465904	0.7564456728577746	0.35355657	14.036699	11.280511695906434	202.25
0.1859776749102464	-0.003412263134991226	0.3021107852079109	0.004177133724757221	0.9382486798168155	0.9238715498807103	0.13253717	15.780428	14.138837719298245	NaN
0.43803478457624123	-0.0015098012687247235	0.3444049851512563	0.11356185030108273	0.2165305611134092	0.5022478641890945	1.7281024	7.452107	8.203779239766082	NaN
0.22863923342161288	-0.003681945415391305	0.40094016322296455	0.08705056415520178	0.07579230438513587	0.6238199975617649	NaN	NaN	0.8582821637426901	NaN
0.18873499686620598	-0.0023717541824422087	0.450562076203739	0.10641943793688852	0.36651470062864616	0.6637234757366285	NaN	NaN	0.17694444444444446	NaN
0.20803474107378023	-7.725468625876874E-4	0.3511266044842901	0.07711856600985113	0.0312264789183954	0.81827588820811	0.62515616	11.802476	10.03031432748538	NaN
0.17913178124850349	-0.0030237796198907888	0.34292812681915497	0.016736235871196492	0.5410863581913911	0.756663216434527	0.44907734	13.539687	13.807266081871346	197.0
0.4041135441077033	-0.0033272747710801267	0.5249609997045306	0.08778711942249315	0.9880071850721673	0.9682236437727285	NaN	NaN	0.34739035087719294	NaN
0.20880378744086495	-0.002396595175821825	0.4337980561062755	0.1321720115664086	0.08892623671944398	0.6834241570087616	NaN	NaN	0.1268421052631579	NaN
0.2759134229401436	-0.0010397068048584334	0.4690141923003154	0.09520483123671933	0.08080349740158149	0.5118853491699649	1.5528347	9.491535	9.801827485380118	NaN
0.1522090945242296	-0.00217075699977513	0.45918635930368473	0.04329956416263879	0.930097841347379	0.540147035139424	NaN	NaN	0.8295175438596492	NaN
0.39728085182297623	-0.0031010133032819496	0.5120887764164305	0.12691036731610478	0.9183517907632702	0.9759239140285274	NaN	NaN	0.1701169590643275	NaN
0.22997903476831763	-0.0031313321439498656	0.504517918665334	0.12418225435864533	0.5135196569133191	0.6359604939324535	NaN	NaN	0.1286622807017544	NaN
0.154374380624136	-0.0016778921539897596	0.4656889747848949	0.05896488264825033	0.3076799036805071	0.6087756624464318	0.69086313	16.546333	8.737624269005847	NaN
0.21286074822203355	-9.376681614310922E-4	0.34202561747164506	0.0017406222736848	0.5560341754468197	0.7000483308279557	0.8517709	8.864741	15.769188596491228	155.0
0.10135777401884631	-0.004327924559543022	0.4858180945821498	0.08789986250941291	0.6473265164084084	0.7915294784428372	NaN	NaN	0.15032894736842106	NaN
0.13847981799841835	-0.0021119394553561393	0.4202706602985012	0.09634693915267556	0.3757327577386775	0.7295061347380087	NaN	NaN	0.16828947368421052	NaN
0.2589218541268927	-0.00410769270290492	0.49523538661625033	0.13723065090885425	0.6700511963962384	0.8572573450127503	NaN	NaN	0.11180555555555555	NaN
0.34448272082953	-0.0036331611796897416	0.5319926207651391	0.03766260382269486	0.015421019477389247	0.8298399135117329	0.575744	8.050536	11.989919590643275	92.0
0.4363189322971466	-0.002696381614582102	0.419063823323808	0.019518426028315827	0.02036836255402128	0.9970650055857815	0.06834079	8.20162	14.883713450292397	80.18181818181819
0.1778202400092079	-0.0013251131787843345	0.5207246650330818	0.0961220153117648	0.8300235340549594	0.720759837542885	NaN	NaN	0.19421783625730993	NaN
0.21145118001618662	-1.4372230416155864E-4	0.3638375653491247	0.034008236728323864	0.5521770432302746	0.6503692236883999	1.3336756	7.8909883	14.73312134502924	257.3333333333333
0.1789465312312693	-0.003247131324608779	0.3692754929697113	0.01566772798444478	0.7829199009283854	0.8225980542936875	0.3152604	14.584129	13.105767543859649	422.5
0.21522413177233013	-0.004856014959073448	0.5207127496189828	0.08472821025284935	0.22479327937224808	0.6680218505764927	NaN	NaN	0.3815570175438596	NaN
0.16153471717712237	-0.004535975366885446	0.3942829489445707	0.07935537994802856	0.3610567744815707	0.5032304242894587	NaN	NaN	0.31128654970760233	NaN
0.43585907314108174	-0.0041576041295361505	0.49763741696854913	0.03460487221228055	0.062360031043884157	0.599888791248081	1.4071132	6.333568	12.305467836257309	87.0
0.21294855754786518	-0.004604994074676157	0.300585424003563	0.13827296296007394	0.7778121197544704	0.6518076043116542	NaN	NaN	0.11702485380116959	NaN
0.2361527821090527	-0.004207559777597198	0.4827861354848192	0.09963205182364246	0.8227113614795032	0.693355491582071	NaN	NaN	0.17568713450292398	NaN
0.3781610070952133	-0.0012835645955001028	0.5271355232458744	0.03785784926432171	0.9848777598241673	0.7539018956896715	NaN	NaN	1.761644736842105	NaN
0.3117807482471564	-0.003212453265815414	0.36251226367151096	0.12942566139142908	0.7958346008278847	0.5959688444070722	NaN	NaN	0.16447368421052633	NaN
0.36007398043541994	-0.004375291040432134	0.39259657658011815	0.13214595809656832	0.9607069766245582	0.5728519248049648	NaN	NaN	0.14080409356725146	NaN
0.1116597113766697	-0.0037559966332213657	0.41145545159842367	0.04860413269177404	0.5202939263421426	0.8340386088985569	NaN	NaN	0.7441154970760234	NaN
0.2222699314329897	-0.003227705309160951	0.523616118460764	0.1417513085938579	0.7832915589081698	0.8941380134624132	NaN	NaN	0.10656432748538011	NaN
0.14211792115452004	-0.0036649495187321777	0.4402642224792538	0.0393541934334654	0.1680937956626041	0.8895096303387364	0.23790924	18.802137	9.92627192982456	252.33333333333334
0.31611456685340045	-0.004239221321201224	0.422061374472306	0.047450219573845015	0.12867108744544734	0.563546998851165	1.1717489	8.777564	11.516111111111112	121.28571428571429
0.3851663895654719	-1.480795948060753E-4	0.3276534494604547	0.015274050486247916	0.9038687594750033	0.619779708480561	2.410283	4.7292495	16.304597953216373	585.0
0.12283096626700757	-0.00478085025570623	0.5492303901117805	0.1261331852923137	0.06414368153843594	0.7456857846720127	NaN	NaN	0.1010672514619883	NaN
0.27752178261876315	-0.003981094135173408	0.4282134828407153	0.02013107390328117	0.6739090132170619	0.8593759984655014	0.360134	10.078112	12.346279239766082	264.3333333333333
0.3526793342891529	-0.004780693890990019	0.4752184366981211	0.07158860742579513	0.32652355650946896	0.9470790971826144	0.3059897	9.9403	8.653991228070176	243.5
0.17120165292901973	-0.004265345489218136	0.4355227500412987	0.13452833219141913	0.6234375517800541	0.8085162027216188	NaN	NaN	0.10413742690058479	NaN
0.17770264403729996	-0.0012084900134988973	0.46022281669110676	0.027096217773006567	0.6906752924252264	0.887637173080146	0.3048066	12.739674	13.924919590643276	412.0
0.27849497149854996	-0.004761744172414633	0.39168775662705646	0.08664444958960893	0.6778454878436908	0.7515689741708953	NaN	NaN	0.27885964912280703	NaN
0.19163700113052645	-0.0039054923814023394	0.30161025524028096	0.0601342004511584	0.5424890757265058	0.7657054245094395	NaN	NaN	1.293530701754386	NaN
0.2439059746821345	-0.004993697085200795	0.41944415758287035	0.07019347643885215	0.7538769686915671	0.7582916380103673	NaN	NaN	0.4279605263157895	NaN
0.19053696814350907	-0.003631723409854709	0.3960495053395298	0.005642703985252188	0.37290399166209826	0.8452084760448203	0.2692187	13.203675	13.347288011695907	132.66666666666666
0.3832766586039147	-0.003224019379348493	0.41140000721049874	0.01954657332173342	0.5914037012481412	0.80246089727138	0.6904986	7.144247	14.054692982456142	191.5
0.3504295526298514	-0.004848149310490933	0.47992789738334785	0.09123762053435734	0.6059584466209259	0.5985770405274988	NaN	NaN	0.3825657894736842	NaN
0.23571332367254713	-0.004040655790984812	0.3428868336545882	0.11456457215971491	0.31450230942049007	0.6861262985142853	NaN	NaN	0.168406432748538	NaN
0.2938868130205488	-0.0016155817538394273	0.4236240433588462	0.015532150785350548	0.9638083581453523	0.8661966732522943	0.28031996	12.986029	11.350869883040936	NaN
0.2871747339488291	-6.346730460345484E-4	0.3302066509336825	0.1381105001641495	0.5424943946369455	0.7832037914900165	NaN	NaN	0.17205409356725146	NaN
0.28579576817356844	-0.005075119523522325	0.5159998433196501	0.11929983859856912	0.45547354040024	0.6420434634113814	NaN	NaN	0.15534356725146198	NaN
0.3956247321791543	-9.213755920514965E-4	0.534822620230306	0.07744356303245377	0.17728024811797669	0.9134905665170012	0.59135425	6.517762	13.534605263157895	225.75
0.37980533077613765	-2.7670153885531336E-4	0.3847036351972217	0.10660150432635865	0.05359211996105303	0.6659721448373997	1.8843153	6.048346	12.242097953216375	832.0
0.1265092322514319	-0.002441522841378062	0.5162384885370184	0.01874093073130172	0.8926024185751176	0.6274201636500588	0.4191666	21.451302	10.945957602339181	NaN
0.3509438124305728	-0.0036428499318269395	0.305542160013629	0.10519955476914492	0.1948515131477937	0.9957983729056784	NaN	NaN	0.4468859649122807	NaN
0.24398760663177416	-0.003484513773880968	0.4119465816921709	0.11985121710965958	0.8443043544830373	0.8229905034541993	NaN	NaN	0.13863304093567252	NaN
0.14672655366939696	-0.00509393939499387	0.4102826462690526	0.06059696014881802	0.40465124498582683	0.6468671732115419	NaN	NaN	0.5438888888888889	NaN
0.24783101287481582	-0.0020990345481281284	0.3718964499541826	0.04205331945984665	0.207162071104944	0.9292855970819953	0.2913616	10.494302	13.808464912280703	167.4
0.31871207770269405	-8.19338109678856E-4	0.45678726912491274	0.04786421623097017	0.6054200455796004	0.7232257574846106	1.1698586	7.0346303	14.196820175438598	334.0
0.19819476941248715	-5.990504168665972E-4	0.4974460340390907	0.055076863652992816	0.8249352805110926	0.8758748792372215	NaN	NaN	0.9360380116959065	NaN
0.25891617439730563	-0.0038555218976653108	0.37836083236438545	0.07405643259026225	0.020584778474926863	0.7228195479227493	0.7394567	12.186068	9.341103801169591	368.5
0.2805797795054028	-8.341517720235148E-4	0.38070444170819473	0.03693526463855587	0.5345140635014654	0.7241126620623908	1.0818155	7.4404516	14.700219298245614	222.75
0.2607571531801928	-0.0050277723277760075	0.5306084000836808	0.08747370293691152	0.03237337226408104	0.8793058295609972	NaN	NaN	0.9198318713450292	NaN
0.43121746111119486	-0.004873152543504997	0.4595602336512669	0.06522996396595533	0.5930241395467508	0.6649731922404988	1.0210196	8.209662	9.449159356725147	453.5
0.3022815396137183	-0.0014263253908391393	0.4039533368938969	0.12028174673260238	0.8918378624433876	0.5051306841417584	NaN	NaN	0.19706140350877194	NaN
0.21884548444653767	-0.001848466434174631	0.5465114008073263	0.11750426100391499	0.09911202498361478	0.588545340139985	NaN	NaN	0.188187134502924	NaN
0.2103081736182772	-0.0034208489732793965	0.3182569581789413	0.03408579860804851	0.8130861007105082	0.8244401388963243	0.304561	17.394068	10.539926900584796	NaN
0.4123861896950576	-0.004526174197237388	0.30567286909124913	0.13695756873153442	0.3548057035698804	0.6026739410695172	NaN	NaN	0.19603801169590643	NaN
0.15783001857925788	-0.004268878915694048	0.5127097477630059	0.059939616635478324	0.7113025177470522	0.7301976076261188	NaN	NaN	0.3311842105263158	NaN
0.35539720021662724	-0.0037028232352687256	0.3920348127083101	0.04037589623846561	0.7641734249888004	0.7224734590903685	0.7727753	9.200696	11.766681286549707	635.0
0.3735263996681918	-0.0036443594506943835	0.33933001237464033	0.12497242957362553	0.6655994138632809	0.7675553162263167	NaN	NaN	0.17608187134502926	NaN
0.21733360120267584	-0.004784888519316212	0.4301796158372896	0.09949174239827883	0.10784535465613143	0.9685525153968091	NaN	NaN	0.22402046783625731	NaN
0.3015647067433973	-0.002901683354101854	0.46200930543434415	0.049330469900726814	0.10251973542689191	0.9350781981298502	0.31104904	9.504153	12.5840716374269	151.0
0.14864347986012766	-0.0038804519693641276	0.49623781400990546	0.11915651399091125	0.8695379658895147	0.7997764582892701	NaN	NaN	0.10994152046783626	NaN
0.24200932670983388	-5.98640911677784E-4	0.3050850824228061	0.02145584496449197	0.704931693660356	0.6068446574616453	1.3873959	7.6468053	15.207558479532162	286.6666666666667
0.2315134174925721	-4.2504388538377726E-4	0.5268728694897765	0.05369100183192003	0.7215213792884472	0.6662581793242235	NaN	NaN	3.67328216374269	NaN
0.12710657139527465	-0.0017284422991823995	0.4858995185819016	0.12086418125807194	0.1537035103769404	0.5117490776382502	NaN	NaN	0.12337719298245614	NaN
0.3906883329916606	-0.004774721285642577	0.3625321318563546	0.09457442369705182	0.2999333024082392	0.5000058732123615	1.390982	9.538499	8.073077485380118	NaN
0.2964781770271567	-0.0032564846589402878	0.35471936479606603	0.04953367319875608	0.005483196445493565	0.761507125764494	0.7328496	9.605501	12.94875730994152	120.42857142857143
0.1592094148636916	-0.002329339013296823	0.43908590803329983	0.02223982544250191	0.019571131682886374	0.6642694512290293	0.5956173	13.948111	13.75735380116959	116.42857142857143
0.12483211131579233	-0.001921796383996679	0.30274536271510283	0.11778177204324099	0.300455416052805	0.8959154273619687	NaN	NaN	0.13889619883040935	NaN
0.18214686245088943	-5.976078131383594E-4	0.4722989900270099	0.062163750705391395	0.8892859990496109	0.7581159445332867	NaN	NaN	0.5661549707602339	NaN
0.27918797568829223	-0.0028460953429821287	0.4347306608277738	0.06208202509947275	0.8772617210360647	0.8128429408824245	NaN	NaN	0.6777850877192982	NaN
0.4374486846552187	-0.0021829092156424937	0.3333386080083529	0.10067032126544796	0.09500801988009291	0.7201272008152042	1.2651709	7.634308	11.620350877192982	344.5
0.18881561931362467	-0.0042951565433622585	0.5369562045547777	0.06466214989641879	0.8500952117214634	0.7712323247609099	NaN	NaN	0.2930263157894737	NaN
0.2568845190877288	-0.0049549751036300676	0.44072020575199067	0.0689149318697299	0.5165628276728196	0.8943516399449856	NaN	NaN	1.2873830409356726	NaN
0.35009918753370606	-0.004957695877165705	0.5039771372688548	0.13992564946791503	0.2741440864987289	0.8980652920620729	NaN	NaN	0.12404970760233917	NaN
0.14173302186596973	-6.774206083776568E-4	0.39472698193903016	0.010370094336792444	0.3381328333152309	0.6127550318230734	0.8251041	11.991781	15.194904970760236	142.66666666666666
0.4103649709385999	-3.4622820062855546E-4	0.5186576927318621	0.09675295295812056	0.6906708947066547	0.7947966498387892	NaN	NaN	0.6275292397660818	NaN
0.1373442203486649	-0.005084753513745967	0.5044116761480193	0.13780596175039106	0.49841526436966277	0.9114036171105986	NaN	NaN	0.0904312865497076	NaN
0.32935006087255014	-0.00438237100359856	0.309553136083482	5.642067119872477E-4	0.001815203974102676	0.9251875264633367	0.19912945	9.890269	14.165175438596492	77.18181818181819
0.2580027011545829	-8.44861655069346E-4	0.30479861157930604	0.11424038808723223	0.9078613134641759	0.732476073678265	NaN	NaN	0.20955409356725146	NaN
0.30444021861741544	-9.05821891648943E-4	0.4876757892557603	0.10066453162908062	0.977509277720554	0.974769282364071	NaN	NaN	0.27458333333333335	NaN
0.13862527714524334	-0.0050041191695061925	0.38285137959410337	0.10062844007964199	0.1343569823004732	0.8709392631321199	NaN	NaN	0.15335526315789472	NaN
0.36606863182119387	-0.002741742460926583	0.5410982139841081	0.12484374570201279	0.6437044031421003	0.8023450252963334	NaN	NaN	0.1803216374269006	NaN
0.2827465566687515	-0.004392129863996629	0.32515630951683416	0.02716853903724415	0.6269962851151177	0.5033357393572758	1.1340702	9.562559	12.63374269005848	234.0
0.20274387538960492	-0.003075543472627242	0.540700113405333	0.10646617554851774	0.840415123760229	0.9559866951374655	NaN	NaN	0.15173245614035086	NaN
0.4269781582361373	-0.001061761159948895	0.36809414495792203	0.07502247379181665	0.5097225647281477	0.8866195214823109	0.64150286	6.671702	12.823267543859648	620.0
0.1610635792150575	-2.1707177850176164E-4	0.4836565819618363	0.1213624314677534	0.37267637135803394	0.9999114213503024	NaN	NaN	0.1402485380116959	NaN
0.3506725129334829	-1.575051410071592E-4	0.372532040856015	0.07697884808345005	0.53180145102703	0.7373397850921631	1.3241367	6.5059204	12.055277777777778	NaN
0.23477199798800666	-0.002387956406590425	0.47299377435208917	0.09272360510360238	0.40433459828780827	0.5944214898730651	NaN	NaN	0.3258625730994152	NaN
0.27587928433565634	-0.004641334022729374	0.3097653605587118	0.04313450860729543	0.9120422423529971	0.8957104592488151	NaN	NaN	1.1610672514619884	NaN
0.25843283969677233	-0.003936381971643726	0.35170415697762514	0.10789958245933139	0.06643067315408946	0.8887682770044729	NaN	NaN	0.2290058479532164	NaN
0.17685262145490094	-0.005060103852845502	0.5335734356566249	0.11502589178873779	0.5564703984898499	0.6452169348937185	NaN	NaN	0.12157894736842105	NaN
0.10561522725048954	-0.0033728117711096027	0.4785169405369962	0.03151682348667969	0.6665566597628367	0.8263511037478819	0.2220759	26.546272	8.332989766081871	NaN
0.40034978991049563	-0.003012187611318655	0.4748257733320279	0.006812152992694643	0.4661754545097983	0.9963994085705685	0.032187507	12.645734	14.450599415204678	129.66666666666666
0.25862925375058987	-0.0018281939016890991	0.5494604128341147	0.13265709566740255	0.3947226179141023	0.9230877236531703	NaN	NaN	0.13121345029239767	NaN
0.18775658076886462	-0.004163408195837453	0.5300849555147221	0.009094367444478568	0.08285227235379354	0.8533157072641563	0.25296137	13.333125	11.287726608187134	99.55555555555556
0.16679867395241216	-0.002962939040814642	0.48483126809377664	0.04197737717859973	0.02342312589423184	0.9630942443627372	0.17379466	15.952445	10.979846491228072	190.25
0.13768240576203988	-5.734684637112091E-4	0.32409962272533666	0.0997500366889625	0.8437135524146889	0.7629246686430584	NaN	NaN	0.20241959064327486	NaN
0.4430220558010476	-0.00200046920884724	0.41510219582744134	0.07760229187569045	0.7962744359657385	0.8609874833836932	NaN	NaN	0.9767105263157894	NaN
0.15308794323000344	-0.0027239632482668045	0.45796599839599605	0.08076949849129592	0.3359233410387057	0.9012444500336428	NaN	NaN	0.2586695906432748	NaN
0.16394986280834029	-0.0024233904933567843	0.46165239349926807	0.13038407114953376	0.4893853884862874	0.667174277443971	NaN	NaN	0.12241959064327486	NaN
0.23024044468697513	-0.003987686960189555	0.31005823557542744	0.07250080577508593	0.15221916835456126	0.5756283823803954	0.891317	13.495332	8.570270467836258	694.0
0.4374934869689229	-0.003953355544303481	0.31899670523734397	0.1077012942546502	0.5133442552292848	0.8414174199366606	NaN	NaN	0.38565058479532166	NaN
0.16783697323192698	-0.004346337083639726	0.4355880926525934	0.06894209300874449	0.8555505450160699	0.8198643287251155	NaN	NaN	0.2628874269005848	NaN
0.18258373486373497	-0.004737434490285876	0.3544177040133274	0.02435624272869778	0.9016041773411783	0.9907689499402819	0.021547617	31.859112	4.878779239766082	NaN
0.35349302505959923	-9.498430116980222E-4	0.3628513395351165	0.015765259429719028	0.3595475019520398	0.6280418237052035	1.6849407	5.749468	15.91886695906433	110.75
0.18010947137993855	-0.004184325748818136	0.5485708433704776	0.061331948235776236	0.1019372335439735	0.7606373638876134	0.47402528	14.966212	7.150723684210527	636.0
0.17146419065350013	-6.154359133912907E-4	0.3598533246352048	0.06461233158552879	0.5249111872200216	0.514244337711654	NaN	NaN	1.2723830409356724	NaN
0.3507937880322731	-6.329904442436717E-4	0.3567365594238878	0.07018361821673022	0.6528251896317869	0.9823059298891952	NaN	NaN	2.2934283625730996	NaN
0.2199505537441342	-0.003588204827143739	0.5440782082617153	0.10487576103992859	0.8589922932653998	0.8981126164220363	NaN	NaN	0.1576827485380117	NaN
0.14540342339529294	-0.004994307114044318	0.47493407002265675	0.04666537154172607	0.08566103334029533	0.5166452063426681	0.63482153	17.342766	8.013998538011695	265.0
0.2286288328153717	-0.003827269971505453	0.5306762756286701	0.08165627254035779	0.8860601901527686	0.8011879715374342	NaN	NaN	0.2424561403508772	NaN
0.1451383586072169	-0.002683098898547607	0.5480901097417787	0.0798318212787253	0.7456316052314923	0.9920634823775332	NaN	NaN	0.20122807017543862	NaN
0.2271645066954118	-0.003742834507005514	0.41029089779738004	0.023886915065595708	0.03050660719790943	0.9956830871177094	0.07858633	12.613042	12.554554093567251	110.625
0.3153123639604701	-0.0015533915169960615	0.30887202754223475	3.0521742852809397E-4	0.6711550608337835	0.8149148980535901	0.6483333	7.2899284	15.999678362573098	145.2
0.38337601057903115	-6.892617743268625E-4	0.46713157713262615	0.07571923861760893	0.7232238332740553	0.5759406964470419	NaN	NaN	1.5892324561403508	NaN
0.33351123041832365	-0.0031640221010167634	0.4856479661799494	0.00766263019245692	0.2110620122128218	0.9326355357276782	0.21967268	9.088055	13.948092105263159	95.66666666666667
0.15545568772613036	-0.0036179535587054436	0.4407216892164607	0.04118763278682662	0.9035060723173473	0.9233292693189656	NaN	NaN	0.6996345029239767	NaN
0.27430421786366127	-0.0035347233462007625	0.3163280508712438	0.1179736543184672	0.6930806936612509	0.8538035978395326	NaN	NaN	0.16794590643274854	NaN
0.3861969770195077	-0.0011111926543003385	0.3010093248251987	0.1289000678379848	0.14410641779159597	0.7076877514607605	NaN	NaN	0.3688523391812865	NaN
0.17628547276228934	-0.0026045667472280004	0.40156888682551295	0.12440798422093564	0.18443904030251781	0.8751207887848389	NaN	NaN	0.13972222222222222	NaN
0.10853484472915984	-0.0015542424909058571	0.44622698393145044	0.06404860902440317	0.27692991462485655	0.9126698544831253	NaN	NaN	0.35269005847953216	NaN
0.4437355352928347	-0.0038751565687609605	0.4259897933562449	0.12653318825719678	0.20659701599154223	0.8329874097804251	NaN	NaN	0.31864035087719295	NaN
0.38087621389600135	-0.0024578793871809206	0.44602048444564957	0.12739033232333677	0.639813705387561	0.8884516462833143	NaN	NaN	0.19408625730994153	NaN
0.444519748539984	-0.00221022371626046	0.46965263189376816	0.09543686263339538	0.18153263628275135	0.9868949234473057	0.27677092	8.213371	10.708640350877193	670.0
0.27767985251782784	-0.003917168811532228	0.43893983192523256	0.1350192916993104	0.9016323772203427	0.6232544915681366	NaN	NaN	0.12304093567251462	NaN
0.35797854338292534	-0.003471275882455637	0.4740981404475124	0.088133357823232	0.39535408386811977	0.8532850313003483	NaN	NaN	0.94625	NaN
0.22553969958979128	-8.846758056219167E-4	0.3033945615989482	0.14073256808083834	0.8538648834687853	0.7849985910857511	NaN	NaN	0.14050438596491227	NaN
0.15151599112076755	-0.004595719342589905	0.4177102226157761	0.0978540673253425	0.367888271675529	0.9418255397872919	NaN	NaN	0.15573830409356726	NaN
0.39763351107337186	-3.4743591030402134E-4	0.5046232219545839	0.04658838219110811	0.5810347248439626	0.6161407940876097	2.2804463	4.989024	15.311030701754387	167.75
0.12235677896529233	-0.0018693752765099037	0.39409559178708287	0.06677136338644328	0.7129733515731366	0.9012287478805958	NaN	NaN	0.3194736842105263	NaN
0.10981818629576234	-0.0026268932675935458	0.327111607250887	0.04886159523208609	0.040641583104025644	0.9683634377894914	0.16473214	20.676182	6.263194444444444	NaN
0.18151763138997337	-0.003509569806188555	0.3245197605112944	0.046469968024835384	0.8643788602394	0.5587890380918298	NaN	NaN	0.8027704678362574	NaN
0.19988589455365413	-8.69647634861867E-4	0.5322163978116613	0.04602199173846474	0.29508555089951327	0.6392694973754485	1.0172393	10.247178	13.66639619883041	204.5
0.4304281743107734	-2.579877903232518E-4	0.47123132291984	0.14105570583695076	0.42591234882486817	0.7367421076966278	NaN	NaN	0.2682309941520468	NaN
0.3175397484364716	-0.004364232600112509	0.33451086630697024	0.12259297696222332	0.4438307394884655	0.7206023567163579	NaN	NaN	0.1619517543859649	NaN
0.13683731783080044	-0.0044842344883434925	0.5027350206095499	0.13418028652887198	0.3819257724720868	0.5493489347861586	NaN	NaN	0.0981578947368421	NaN
0.15650551629169004	-0.004605281898089766	0.4675663576281077	0.09379342307276091	0.7033046380928123	0.8867470243828237	NaN	NaN	0.15687134502923977	NaN
0.1056547297318401	-0.0043215607996136395	0.3447400978149415	0.01046187869533673	0.9757179788304453	0.6272836262369371	0.18852681	41.68755	7.819400584795321	NaN
0.17186546920064116	-0.0030313226905866815	0.5105181764339516	0.03872267022510318	0.07541508186650625	0.9433826680461286	0.20032746	15.142255	11.046842105263158	178.0
0.36220340236631365	-0.004595461402618323	0.4316139623311363	0.10579498636293067	0.7282925383854935	0.8804548179426213	NaN	NaN	0.2341593567251462	NaN
0.14518315386847483	-0.0010860672689039686	0.3208366978630234	0.002518720513782865	0.6322428891272136	0.5191449064573895	0.91357124	12.092256	15.438925438596492	202.5
0.36999790299780055	-7.638689428869338E-4	0.5027121894150501	0.033869215175137544	0.8287208771795457	0.9968160218361011	0.075952366	7.4288087	13.968347953216375	NaN
0.13728252456729778	-0.001695458458013987	0.3662343108958963	0.09440198736440994	0.6254326776782455	0.5180192046823293	NaN	NaN	0.1888157894736842	NaN
0.1926139392350548	-7.644171584569753E-4	0.515934406983775	0.11585530939412106	0.9800821547326486	0.8830216044261499	NaN	NaN	0.15230263157894738	NaN
0.4036526073117691	-0.0014138556233369232	0.4695860390531764	0.12081201167551778	0.4027987499509899	0.8569254478126503	NaN	NaN	0.30850877192982457	NaN
0.27947870078946985	-0.0025597613646218807	0.327271604197897	0.03666788438335799	0.7309600451403564	0.6829601198384894	0.8346206	10.10928	13.422156432748539	423.0
0.29036852910974154	-0.004372631923476411	0.47512651226203123	0.04295182752631788	0.48327460843041986	0.5915666147919404	0.9704985	9.552257	10.582975146198832	225.5
0.3584875921880115	-0.002286197733351099	0.5099640199972909	0.09247803954476211	0.36271589505597107	0.8622481367412962	NaN	NaN	1.0220687134502924	NaN
0.1291522631900622	-0.0027630856650046713	0.36200817075231484	0.13197470677835263	0.1029586792512566	0.7841030168074441	NaN	NaN	0.11845029239766082	NaN
0.4042415213084569	-0.004243832966641428	0.3101796170933866	0.06822518160724908	0.5364950110808159	0.6206930865123859	1.1670086	8.942108	11.122134502923975	524.0
0.3587414159790806	-0.003902951459101113	0.37256533066451425	0.09678036367650056	0.10071700089354604	0.888576909839214	NaN	NaN	3.048654970760234	NaN
0.41940025725762275	-0.004518311356229944	0.5078518040097019	0.10276604889061601	0.1314599187122251	0.5905347108513701	1.3095832	8.2533455	7.8346491228070185	517.0
0.3660916881070143	-9.719305035448212E-4	0.5373261396994365	0.10493263478875817	0.16135693022853934	0.5242502000065457	1.9129689	7.6059203	10.425423976608187	NaN
0.4181608819065701	-0.004794617796923782	0.37148100401038103	0.08500011216300471	0.02695008375023166	0.8959501639586067	0.5114287	8.706098	9.895036549707601	185.25
0.3151087023229983	-0.003256541109537358	0.316948989249001	0.016568126111367844	0.17735169228970488	0.7731316999068936	0.67020845	8.234977	14.594035087719297	89.66666666666667
0.38519662167045243	-0.00191272877216579	0.46430826514416235	0.13282419465278777	0.9965026741001313	0.6888589343877978	NaN	NaN	0.19176900584795323	NaN
0.4125871686965502	-0.002218222870767672	0.4428324652090076	0.018335139005479593	0.8271572206981814	0.575958407033324	1.656272	6.081296	14.917536549707602	347.0
0.15053004173494114	-0.0019228948261175826	0.5263100025307594	0.11409534710172436	0.39029270527758214	0.7374893473412438	NaN	NaN	0.13044590643274853	NaN
0.2508303786393469	-0.001891014729845069	0.42315747804046366	0.05138467356625627	0.3988065370080248	0.9107584631032217	0.3536458	10.912337	12.86623538011696	325.0
0.37076562522410494	-0.004825093867434469	0.5219415386823995	0.0029196191935723366	0.8850041016762651	0.5274690781118849	1.2993081	6.711263	11.863179824561405	411.0
0.16403041380079586	-0.0010262516473953565	0.3395676369051167	0.12023027161831468	0.4117266246072437	0.7198621659107476	NaN	NaN	0.14921783625730994	NaN
0.4398705985166047	-0.002822701894081673	0.457473278128829	0.07353564652469943	0.2768754303690685	0.6403783507732623	1.4468228	6.942	12.455153508771929	205.5
0.4409093645898481	-0.00503161903176503	0.491578537399847	0.0039007684768536752	0.7082047899729341	0.5048401530122881	1.5767556	5.8693943	12.225672514619882	198.0
0.2682689325687768	-7.846889937014444E-4	0.48411647814954534	0.03182552893113571	0.08301477354482295	0.9017545174874786	0.43966532	7.8459864	15.07609649122807	116.57142857142857
0.24935431246170228	-0.0031005243604657587	0.40112912535868256	0.11923004532157193	0.39748935786967593	0.634336499461284	NaN	NaN	0.17589912280701753	NaN
0.21740210855767905	-0.0026936506471641627	0.36392705872148723	0.02306175157065207	0.6005689046360225	0.9394633516133541	0.17991067	12.368972	13.846695906432748	248.33333333333334
0.14982366285766158	-0.0049951388294033105	0.41844773415666325	0.11436025490246066	0.3413795667517381	0.7071277107782332	NaN	NaN	0.12435672514619883	NaN
0.10811150527606941	-0.002158748231143336	0.33470408156032616	0.11788749476147045	0.05037105716245498	0.8641525129083873	NaN	NaN	0.13001461988304094	NaN
0.3031599816624698	-0.0027325882439418955	0.42260306633763933	0.06657990160995576	0.7695955308406973	0.7819767528471495	NaN	NaN	0.807858187134503	NaN
0.33521083257021483	-0.0035931364231490187	0.5177656050111473	0.09272887362443981	0.5031298693518294	0.7761786918687117	NaN	NaN	0.3960672514619883	NaN
0.11511424484371559	-0.004928657272448335	0.38574478227988596	0.1084756202042991	0.10625758456089644	0.9269646404945345	NaN	NaN	0.13362573099415206	NaN
0.11744325957340514	-0.003394712892022437	0.5185883426605422	0.051851370004178	0.45148938779020253	0.7179507876033189	NaN	NaN	0.7468055555555555	NaN
0.35436901048813385	-7.770044108448043E-4	0.3691108212895391	0.0020463887523921543	0.17572780110087852	0.8539703410525528	0.7022171	6.1714067	16.374707602339182	86.9
0.2416565912292782	-0.0024270375064596988	0.5248382185423768	0.08209878709976738	0.14961690084174503	0.5270570748888983	1.0825524	11.849753	8.024619883040936	NaN
0.4331427345929788	-0.0015842670029092849	0.3413883800901133	0.031911323667383716	0.6369536983424803	0.8888331288072164	0.5822917	6.0878835	15.22187865497076	242.0
0.2724809116651886	-0.0022740214241899225	0.5092977425889635	0.07799184624288695	0.19497047646602525	0.8038451927403825	0.6437798	11.326029	9.75953216374269	489.0
0.2495650955258763	-4.4256866077319593E-4	0.30596255800268923	0.016037165694261685	0.7695157232021382	0.6844696262019021	1.2229764	7.3146815	15.493230994152048	204.66666666666666
0.29405689822991304	-0.0031374960341674406	0.3466119977750979	0.036314619431997736	0.27292281494768733	0.8872996111341258	0.3864509	9.512341	13.595869883040935	148.0
0.3589329534303036	-0.005000824315689091	0.34297164695749105	0.1395189567397801	0.6030047580741299	0.9128311617011438	NaN	NaN	0.13358187134502925	NaN
0.278439124296513	-8.610309590146526E-4	0.5026285200849927	0.045580737786947774	0.5250019479077923	0.8351118703251441	0.680171	8.017576	14.088289473684211	277.0
0.16668902372078565	-0.0043948720182647154	0.3149101341590069	0.0018673365213598084	0.843196123922968	0.6720754717467192	0.4466889	14.173235	13.131447368421053	393.0
0.18618734172803547	-0.004396375832210484	0.45339749752917113	0.01684741128649824	0.635371422420363	0.927764919652275	0.15172622	14.6163845	11.011747076023392	278.0
0.3195103943047246	-0.004213840210071058	0.4007804259004308	0.1249883043239935	0.10415980066789678	0.5176897505744996	NaN	NaN	0.21905701754385964	NaN
0.29835992870309463	-0.0030806598692455214	0.38762703811270416	0.07223406273442283	0.45762518296667926	0.6622532965465378	0.876845	11.62558	9.485621345029239	NaN
0.11225114274586233	-0.002916296500265904	0.31349136253212667	0.11158623914192883	0.6047338601052417	0.8705406871405187	NaN	NaN	0.13105994152046782	NaN
0.15563732195372948	-3.6299002116537684E-4	0.5415545002405672	0.018203463385895513	0.8253126476363774	0.5687370004011316	1.0862128	10.829949	14.62358918128655	542.0
0.22765367528332375	-0.0043646027593652464	0.5183366002221933	7.835380861002171E-5	0.7312801100718033	0.5709400297697038	0.78374255	9.98837	11.75905701754386	207.25
0.38962951213390806	-0.0021083481715223353	0.45879822670177256	0.1381769552899428	0.10467942046098344	0.9729776198899128	NaN	NaN	0.1739035087719298	NaN
0.23272531943294558	-0.004119537233761869	0.5069579200548473	0.12427870657385306	0.7050765334866206	0.5358029212102663	NaN	NaN	0.12209795321637427	NaN
0.17356019671979692	-0.0033146922181134467	0.3097950487960102	0.023381584222989773	0.05671852513104586	0.5388308419063037	0.7712945	13.845718	13.579619883040936	98.875
0.17047206987828298	-0.00182962420150593	0.4412086179572118	0.14009232444888184	0.023840734250652203	0.8358391849289684	NaN	NaN	0.10959795321637426	NaN
0.19447150937550642	-0.0020059285290573423	0.3959075446731253	0.04196549107121998	0.6785043623921879	0.5583705760886812	0.8875073	13.733653	12.355570175438595	783.0
0.3582885185002509	-0.0034607477256843448	0.5147790447020347	0.08925487900011643	0.37094264625951706	0.5414561545137413	1.0322247	9.929343	6.3349415204678365	NaN
0.10685688785226366	-0.0032089256268067793	0.35220098477655837	0.08436926458454483	0.8896994216173316	0.5123954756660003	NaN	NaN	0.18126461988304093	NaN
0.18472309845565585	-2.4150632102947481E-4	0.43733143000622476	0.035760792349904584	0.30430238753674244	0.8896649408151347	0.43569952	9.644798	14.453033625730995	191.5
0.1682057085329784	-0.0042870017462230525	0.3502433897584126	0.04770447592752621	0.22037931502176547	0.9011194277614574	0.25276047	17.639908	9.608991228070176	359.0
0.43456999951548947	-0.001048399145378836	0.5262132283963568	0.09804262624092944	0.24856130238874305	0.6997703675178661	1.5333704	6.4732504	12.205138888888888	427.0
0.43033208110449406	-4.85323283883256E-4	0.5380731660913901	0.06546686247121317	0.0400774689956955	0.7437736466841076	1.6667111	4.9542723	15.063040935672516	118.14285714285714
0.11828433317124508	-0.0015223178605000892	0.494577996616545	0.013196921240113488	0.12014018546740907	0.5129877654063768	0.7092411	15.987278	14.524597953216373	129.28571428571428
0.11656141641235765	-0.00134541021837364	0.5387073569402917	0.033300300105592796	0.345514670230692	0.9666482517843498	0.13968007	19.423512	12.700877192982455	342.0
0.4355741939222729	-0.0014939492669095355	0.40194013370199866	0.05659665986360737	0.31392852700878715	0.6503686876242327	1.6972094	5.732636	14.6456067251462	126.5
0.35386190829631403	-0.004666453045529838	0.3112294681338752	7.288529043384252E-4	0.6956420850112116	0.6417776215529347	0.9776934	7.3383646	13.913318713450293	177.6
0.31469345022847905	-0.002300578612146984	0.38382458485034104	0.13708794728953572	0.7736732225556101	0.7745302171568964	NaN	NaN	0.13249269005847955	NaN
0.35083435985929434	-0.004930402669842017	0.3095993844186824	0.09678785644509988	0.5477992737250847	0.7030240483223255	NaN	NaN	0.3432236842105263	NaN
0.18844142435407657	-0.002300414725450427	0.4512447879141887	0.08063835966518551	0.45497286935298775	0.6036713348318561	NaN	NaN	0.367046783625731	NaN
0.11711239809428364	-0.002565801811689435	0.40386892684307085	0.06431119975533377	0.007519291394014204	0.8527403667969999	NaN	NaN	0.5030116959064328	NaN
0.4451705384799983	-0.0023329423259055484	0.34825201355990193	0.06178689959499951	0.6704362985508626	0.6612228716289699	1.2977154	7.2857385	12.845738304093567	613.0
0.357176350144882	-0.004102086362901777	0.4564650771339269	0.07527061491737053	0.8570643578513286	0.8804928790853106	NaN	NaN	0.4476535087719299	NaN
0.3282103950706002	-0.003034938547003874	0.42674643318393823	0.042540411734555306	0.5811305328971853	0.8512158068991265	0.5067708	9.013972	12.666652046783627	306.0
0.29184761285925487	-0.001161591640887989	0.5226190030054956	0.04001392419004471	0.6741347433919563	0.5455015555692964	1.5764956	7.6850553	14.193457602339182	333.0
0.20003680508367577	-0.0028016736434196437	0.49212507037540776	0.08046866120945667	0.4663328706913051	0.7280661389044747	NaN	NaN	0.33176169590643273	NaN
0.11380667280765663	-0.00335075605006969	0.36887231989517166	0.010512956929699656	0.8919522354103203	0.526505594414624	0.48611614	20.648256	12.447916666666666	795.0
0.4382465661944407	-0.0037814494741686337	0.34116403971969766	0.0996703177425276	0.3657977205216412	0.5799626424214427	0.71105623	9.585286	4.15375730994152	NaN
0.11936652067636395	-0.0014450228860764336	0.37688335411999785	0.05780792157388265	0.7861972475861009	0.7166877955988895	NaN	NaN	0.4241812865497076	NaN
0.38894371070411093	-0.0036090119020027603	0.504792221833919	0.10801442110647866	0.24422554495469434	0.8674073073984134	NaN	NaN	0.3885672514619883	NaN
0.17743428661898247	-0.002813699019034698	0.4214844011270338	0.08072375273674078	0.6013057824079799	0.8370923902930187	NaN	NaN	0.2769298245614035	NaN
0.3195005518068731	-0.002619504413899244	0.523110806688624	0.09360681659353749	0.9771053862202606	0.6526962362141107	NaN	NaN	0.29679824561403506	NaN
0.14810781987946214	-8.015368928054816E-4	0.48210714345199257	0.14063510248812022	0.35028751053628826	0.9596463986455446	NaN	NaN	0.11053362573099415	NaN
0.28682653676205194	-0.0050395163848158	0.41814791379826644	0.0427885933915565	0.20031820616063475	0.9222423974287581	0.28052825	10.346957	10.51562865497076	128.0
0.24767989578126834	-0.0037730641987374683	0.31529686917893385	0.11557031183094184	0.23707209239431287	0.570445639399931	NaN	NaN	0.18628654970760233	NaN
0.26926046421832106	-0.003125408853598091	0.39140974912877213	0.0051432897252036945	0.4025690290073675	0.6416298405260221	0.875164	8.741241	14.418435672514619	124.0
0.1739615330995496	-0.0027336923842995117	0.4830771701543983	0.11627089594936296	0.1592641410140955	0.7653920955361082	NaN	NaN	0.14088450292397658	NaN
0.44999658672349396	-4.1148574950051797E-4	0.4082995181019764	0.017972240397492966	0.570841152085387	0.9931518584166166	0.09973959	6.3199844	16.529400584795322	168.2
0.2057869816339317	-0.003868394415116157	0.39740523231409314	0.12496172033494411	0.3516806821341392	0.5535703155363054	NaN	NaN	0.1294078947368421	NaN
0.18756238358786204	-0.004141709514461442	0.48992259677471445	0.13549222821884255	0.2229038472096715	0.5273245058704695	NaN	NaN	0.10784356725146199	NaN
0.3733267159266731	-0.003984249676622315	0.3048739748787741	0.06453821481618457	0.9273765217118335	0.5489260654671142	NaN	NaN	0.7102485380116959	NaN
0.3642859274458893	-0.0025885459507560687	0.46468121325568634	0.08261708338139435	0.7795081898819404	0.9134797713021419	NaN	NaN	0.4708918128654971	NaN
0.36141084493803766	-0.0027074108453766206	0.5481707187346427	0.04164068151416374	0.8628751453466968	0.5578614890682105	0.6851935	11.226475	6.66578947368421	NaN
0.21692295083074026	-3.111511454414061E-4	0.3873841869269311	0.0036048086735536227	0.9407028515411425	0.6000308826570685	1.4292336	7.596381	15.88701023391813	842.0
0.30645409982255484	-3.6805591717842137E-4	0.5015930911326334	0.08566189502537898	0.8580714614273043	0.719286635219565	NaN	NaN	0.505906432748538	NaN
0.3246588595347015	-0.003472500990972505	0.31235695759666887	0.024084161794146738	0.036191978011129444	0.9923658992492805	0.091361605	9.56363	14.236038011695907	97.55555555555556
0.1787746693911379	-0.004808647231933698	0.5371513772605501	0.0371228512148382	0.47895365660875217	0.9244680748778737	0.19625743	15.349262	8.555197368421053	350.0
0.10855818736484046	-0.0031211937756547912	0.3592345493277993	0.09701964225320453	0.21930315829185604	0.7255636783893338	NaN	NaN	0.1664766081871345	NaN
0.35611287094973787	-0.003871325526995667	0.4854526806254664	0.057052732975413085	0.06237841497460224	0.7366910579485542	0.8677379	8.200545	11.28372076023392	128.57142857142858
0.23320405662788074	-0.001848538989016441	0.5357547104691132	0.07903117934663859	0.867271937051276	0.7502397378600079	NaN	NaN	0.3391228070175439	NaN
0.440981764359068	-0.0030595256243437213	0.3116655059134572	0.10802280444742422	0.027351901786662115	0.9453025004611497	0.42236605	8.915367	8.454261695906434	NaN
0.1957525318119854	-0.0034551814717840293	0.3309408484107169	0.14115475761270466	0.6372431578851039	0.7628178592499437	NaN	NaN	0.11176169590643274	NaN
0.10412059491684857	-0.004826909375308838	0.3814046800186116	0.08131012529365608	0.49595527867726413	0.7251277830730312	NaN	NaN	0.17753654970760233	NaN
0.339921606892447	-0.0012038877150182192	0.4145741324599439	0.04961265603264939	0.30827584123049806	0.9963862544231461	0.15354909	7.4667287	14.398143274853801	178.0
0.24877295836067967	-0.0021234667772794245	0.4943548175456526	0.07930564290633073	0.4796289190475903	0.6305553452748969	NaN	NaN	0.8570540935672515	NaN
0.29254229369002893	-0.0028962589555540535	0.3748013566708026	0.08345688951877184	0.8140407875843385	0.5450360965403082	NaN	NaN	0.3922002923976608	NaN
0.13577539783614964	-0.004224146233590705	0.31486669918414895	0.09173241520330266	0.332774094213179	0.8337584294879923	NaN	NaN	0.18698830409356726	NaN
0.2882187897349272	-3.910148752234937E-4	0.5451099407669222	0.05705685979573681	0.7389640936774046	0.7231924189896405	NaN	NaN	3.830453216374269	NaN
0.2875182726075314	-0.002479631331457066	0.42861436888081783	0.07050333203666304	0.7157746875830315	0.6185745928962406	NaN	NaN	0.7426315789473684	NaN
0.27337741772658913	-0.0022801273140948095	0.3647237418703514	0.08432212646570461	0.012460521648677694	0.9619368559955662	0.3056994	11.686005	8.579868421052632	NaN
0.1997293641466237	-0.002461890819861255	0.5026918039758944	0.0991239761761273	0.9432341529504571	0.6654890338118798	NaN	NaN	0.17302631578947367	NaN
0.26452889141781916	-0.0012564638302386161	0.38273308925651917	0.09428368460925216	0.5917232368141775	0.916684064062484	NaN	NaN	0.32338450292397664	NaN
0.4337318956808749	-0.002028883452703696	0.4232565112325139	0.08643480600448851	0.32075474693118583	0.6089686849329392	1.6589582	7.0286403	12.47095029239766	311.0
0.22692575100728357	-0.0022427348229971658	0.4559696984038115	0.10220198804338214	0.5728943896741084	0.8048123733966006	NaN	NaN	0.19526315789473686	NaN
0.3883423528683725	-0.0021033117941569104	0.3299934329308936	0.043188129681109716	0.8949267366870927	0.7160698566719893	NaN	NaN	3.116907894736842	NaN
0.4389669629918148	-0.00360642178161916	0.40377196605211296	0.1187274454828694	0.41338267853624006	0.5079624625405199	NaN	NaN	0.3910087719298246	NaN
0.15989953910160024	-0.003449571156176357	0.41027604759188707	0.12746894505103618	0.9563256020757677	0.8247928729605107	NaN	NaN	0.11179824561403509	NaN
0.26468382393595524	-0.0017589948971828606	0.3693582670027523	0.12180897795212672	0.7853995991665829	0.6617060299841941	NaN	NaN	0.18637426900584794	NaN
0.19105517448764903	-0.0034410533081853886	0.4079425864924275	0.09329492242515655	0.643783681462867	0.8920830765967978	NaN	NaN	0.201483918128655	NaN
0.2214365817195586	-0.004130112115959359	0.3975358396772897	0.04802870532361754	0.011165775824679496	0.8151497993511554	0.45124266	12.837388	10.725504385964912	156.4
0.13390723920643097	-0.001736717710383046	0.5420837668062362	0.11986944560163885	0.10115135366841939	0.6346781654587537	NaN	NaN	0.12309941520467836	NaN
